%%% 
%%% idealSNP.txt
%%%
%%% COL1: unique individual name
%%% COL2: fluorescent value of dye 1
%%% COL3: fluorescent value of dye 2
%%% COL4: classification code [-1:unknown; 0:NTC; 1:homo1; 2:homo2; 3:hetero]
%%% 
%%% (c) 2006 RIKEN GSC. All Rights Reserved. 
%%%
mouse_I001	0.0054579	0.00081939	0
mouse_I002	-0.021758	0.0078113	0
mouse_I003	-0.010132	-0.011376	0
mouse_I004	-0.0054495	0.018701	0
mouse_I005	-0.019082	0.0090125	0
mouse_I006	-0.018198	-0.0012004	0
mouse_I007	0.011731	0.69276	-1
mouse_I008	0.031918	0.74689	-1
mouse_I009	-0.0020702	0.77876	-1
mouse_I010	0.028773	0.72681	-1
mouse_I011	-0.030819	0.83083	-1
mouse_I012	-0.0063913	0.82705	-1
mouse_I013	0.0087844	0.83179	-1
mouse_I014	-0.0057061	0.79336	-1
mouse_I015	0.041934	0.79587	-1
mouse_I016	-0.044266	0.78754	-1
mouse_I017	-0.0045693	0.8311	-1
mouse_I018	0.020456	0.77645	-1
mouse_I019	-0.045466	0.7938	-1
mouse_I020	0.010056	0.73196	-1
mouse_I021	0.018195	0.85244	-1
mouse_I022	0.0088179	0.86469	-1
mouse_I023	0.017398	0.80084	-1
mouse_I024	-0.0070067	0.86965	-1
mouse_I025	0.020014	0.75973	-1
mouse_I026	-0.011885	0.63438	-1
mouse_I027	-0.034168	0.90081	-1
mouse_I028	-0.0021267	0.6755	-1
mouse_I029	0.00089316	0.76031	-1
mouse_I030	-0.002395	0.7757	-1
mouse_I031	-0.024995	0.75823	-1
mouse_I032	0.0042504	0.85552	-1
mouse_I033	-0.017313	0.8599	-1
mouse_I034	0.027239	0.76841	-1
mouse_I035	0.0014239	0.72983	-1
mouse_I036	4.0078e-006	0.70967	-1
mouse_I037	0.0095707	0.85345	-1
mouse_I038	-0.016702	0.74239	-1
mouse_I039	0.013512	0.85244	-1
mouse_I040	0.0013416	0.75092	-1
mouse_I041	0.001708	0.69819	-1
mouse_I042	-0.0074057	0.83868	-1
mouse_I043	-0.0075518	0.73488	-1
mouse_I044	-0.0059734	0.82285	-1
mouse_I045	-0.0039279	0.80984	-1
mouse_I046	-0.011396	0.89514	-1
mouse_I047	-0.026453	0.78561	-1
mouse_I048	0.0090993	0.85423	-1
mouse_I049	0.033097	0.79077	-1
mouse_I050	0.017517	0.76212	-1
mouse_I051	-0.025592	0.84517	-1
mouse_I052	-0.022817	0.81284	-1
mouse_I053	-0.010529	0.6583	-1
mouse_I054	-0.0051457	0.72952	-1
mouse_I055	-0.012127	0.80676	-1
mouse_I056	0.0044041	0.7173	-1
mouse_I057	-0.01881	0.75394	-1
mouse_I058	-0.015993	0.74685	-1
mouse_I059	0.0094667	0.75442	-1
mouse_I060	-0.00072263	0.77057	-1
mouse_I061	0.013441	1.0031	-1
mouse_I062	-0.033951	0.85619	-1
mouse_I063	-0.012312	0.76055	-1
mouse_I064	-0.0019421	0.88529	-1
mouse_I065	-0.01298	0.82366	-1
mouse_I066	0.012491	0.67346	-1
mouse_I067	-0.014103	0.72303	-1
mouse_I068	0.019523	0.68242	-1
mouse_I069	0.015725	0.87057	-1
mouse_I070	-0.0040159	0.85484	-1
mouse_I071	-0.039998	0.80349	-1
mouse_I072	-0.0251	0.75308	-1
mouse_I073	0.0026346	0.82935	-1
mouse_I074	-0.034081	0.93058	-1
mouse_I075	-0.0025048	0.91186	-1
mouse_I076	0.014341	0.75161	-1
mouse_I077	-0.031134	0.66793	-1
mouse_I078	-0.0091111	0.81581	-1
mouse_I079	-0.014467	0.74136	-1
mouse_I080	0.00084764	0.77503	-1
mouse_I081	-0.035469	0.95192	-1
mouse_I082	-0.012421	0.81923	-1
mouse_I083	-0.013852	0.7035	-1
mouse_I084	0.023743	0.86663	-1
mouse_I085	-0.022826	0.83045	-1
mouse_I086	-0.033968	0.83326	-1
mouse_I087	0.014856	0.82914	-1
mouse_I088	-0.0065658	0.92099	-1
mouse_I089	0.0047081	0.70629	-1
mouse_I090	0.01619	0.89822	-1
mouse_I091	-0.0068038	0.67221	-1
mouse_I092	0.013974	0.7799	-1
mouse_I093	0.011494	0.75587	-1
mouse_I094	0.014825	0.76397	-1
mouse_I095	-0.034182	0.79731	-1
mouse_I096	0.010481	0.83317	-1
mouse_I097	-0.010235	0.70244	-1
mouse_I098	0.0044257	0.85555	-1
mouse_I099	0.022622	0.87897	-1
mouse_I100	0.011804	0.79491	-1
mouse_I101	-0.020131	0.77069	-1
mouse_I102	0.013008	0.74526	-1
mouse_I103	-0.00059609	0.93037	-1
mouse_I104	0.020941	0.87855	-1
mouse_I105	0.00077786	0.72014	-1
mouse_I106	0.0093643	0.72678	-1
mouse_I107	0.81053	0.008806	-1
mouse_I108	0.67183	-0.014348	-1
mouse_I109	0.74853	-0.0149	-1
mouse_I110	0.79115	0.0090117	-1
mouse_I111	0.91075	-0.018066	-1
mouse_I112	0.88638	0.022678	-1
mouse_I113	0.95769	-0.020961	-1
mouse_I114	0.8591	0.038118	-1
mouse_I115	0.68958	0.0038301	-1
mouse_I116	0.77925	-0.025171	-1
mouse_I117	0.82305	0.014843	-1
mouse_I118	0.75561	-0.011431	-1
mouse_I119	0.71137	0.018268	-1
mouse_I120	0.85157	-0.017698	-1
mouse_I121	0.7633	0.019431	-1
mouse_I122	0.79262	0.01175	-1
mouse_I123	0.84285	-0.0034218	-1
mouse_I124	0.85927	0.023572	-1
mouse_I125	0.78644	-0.0081403	-1
mouse_I126	0.81531	-0.002583	-1
mouse_I127	0.81463	-0.0036563	-1
mouse_I128	0.93938	0.026498	-1
mouse_I129	0.79038	-0.039276	-1
mouse_I130	0.74951	-0.015839	-1
mouse_I131	0.78784	-0.035023	-1
mouse_I132	0.76039	0.0076031	-1
mouse_I133	0.76774	-0.0021092	-1
mouse_I134	0.72387	0.015995	-1
mouse_I135	0.82584	-0.022775	-1
mouse_I136	0.81585	-0.019587	-1
mouse_I137	0.85351	0.0039452	-1
mouse_I138	0.88152	0.027496	-1
mouse_I139	0.83336	-0.022549	-1
mouse_I140	0.80735	0.0013587	-1
mouse_I141	0.87182	0.0051852	-1
mouse_I142	0.72381	0.048344	-1
mouse_I143	0.81224	0.038689	-1
mouse_I144	0.81499	-0.016308	-1
mouse_I145	0.75636	0.0013435	-1
mouse_I146	0.87587	0.00064832	-1
mouse_I147	0.7119	0.010324	-1
mouse_I148	0.64272	0.020083	-1
mouse_I149	0.89799	-0.0012366	-1
mouse_I150	0.76837	0.0085031	-1
mouse_I151	0.81547	-0.0098792	-1
mouse_I152	0.8025	-0.010309	-1
mouse_I153	0.89566	-0.024346	-1
mouse_I154	0.72217	0.013532	-1
mouse_I155	0.83456	-0.019126	-1
mouse_I156	0.9457	-0.0062083	-1
mouse_I157	0.8328	0.017079	-1
mouse_I158	0.95294	0.011885	-1
mouse_I159	0.84904	0.01663	-1
mouse_I160	0.82189	0.023789	-1
mouse_I161	0.86947	0.0083177	-1
mouse_I162	0.71008	0.013183	-1
mouse_I163	0.72889	-0.0080291	-1
mouse_I164	0.81269	0.019426	-1
mouse_I165	0.77664	0.017267	-1
mouse_I166	0.75282	-0.028801	-1
mouse_I167	0.64914	0.018265	-1
mouse_I168	0.68749	-0.016968	-1
mouse_I169	0.62834	-0.025938	-1
mouse_I170	0.65922	0.013629	-1
mouse_I171	0.74342	0.0090007	-1
mouse_I172	0.84913	0.016884	-1
mouse_I173	0.68835	-0.015511	-1
mouse_I174	0.91579	-0.010036	-1
mouse_I175	0.80633	-0.025504	-1
mouse_I176	0.7561	-0.01083	-1
mouse_I177	0.89528	-0.02493	-1
mouse_I178	0.81537	-0.00025868	-1
mouse_I179	0.84647	-0.011878	-1
mouse_I180	0.83482	-0.026273	-1
mouse_I181	0.73784	0.036678	-1
mouse_I182	0.78506	-0.0023396	-1
mouse_I183	0.75441	-0.016261	-1
mouse_I184	0.7995	-0.032495	-1
mouse_I185	0.73052	0.01746	-1
mouse_I186	0.82394	0.014147	-1
mouse_I187	0.82217	0.043479	-1
mouse_I188	0.75422	0.03746	-1
mouse_I189	0.79678	-0.0035616	-1
mouse_I190	0.79474	-0.0047866	-1
mouse_I191	0.80747	-0.018902	-1
mouse_I192	0.85625	-0.0077724	-1
mouse_I193	0.7954	0.019141	-1
mouse_I194	0.62772	-0.0027963	-1
mouse_I195	0.81879	0.015607	-1
mouse_I196	0.78043	-0.0043348	-1
mouse_I197	0.83283	0.0042285	-1
mouse_I198	0.91678	0.011861	-1
mouse_I199	0.81346	-0.0044614	-1
mouse_I200	0.71427	0.0092619	-1
mouse_I201	0.8039	0.0050495	-1
mouse_I202	1.0414	-0.037588	-1
mouse_I203	0.80091	-0.014071	-1
mouse_I204	0.83152	-0.0095893	-1
mouse_I205	0.8341	0.016314	-1
mouse_I206	0.79834	-0.0015777	-1
mouse_I207	0.59409	0.63101	-1
mouse_I208	0.59701	0.62286	-1
mouse_I209	0.59383	0.64347	-1
mouse_I210	0.61119	0.61342	-1
mouse_I211	0.60347	0.60358	-1
mouse_I212	0.5624	0.64048	-1
mouse_I213	0.55879	0.61387	-1
mouse_I214	0.64339	0.59137	-1
mouse_I215	0.56493	0.60054	-1
mouse_I216	0.61323	0.62756	-1
mouse_I217	0.61386	0.57286	-1
mouse_I218	0.59944	0.58215	-1
mouse_I219	0.60236	0.61546	-1
mouse_I220	0.64028	0.57386	-1
mouse_I221	0.56475	0.60789	-1
mouse_I222	0.60478	0.57382	-1
mouse_I223	0.59859	0.62378	-1
mouse_I224	0.64235	0.59867	-1
mouse_I225	0.64461	0.58031	-1
mouse_I226	0.61073	0.67364	-1
mouse_I227	0.59685	0.61182	-1
mouse_I228	0.53808	0.57673	-1
mouse_I229	0.59512	0.62735	-1
mouse_I230	0.65024	0.59973	-1
mouse_I231	0.64259	0.57608	-1
mouse_I232	0.57269	0.64858	-1
mouse_I233	0.64957	0.61481	-1
mouse_I234	0.5155	0.5702	-1
mouse_I235	0.62583	0.5958	-1
mouse_I236	0.58339	0.60273	-1
mouse_I237	0.61053	0.60678	-1
mouse_I238	0.57741	0.59372	-1
mouse_I239	0.57672	0.5723	-1
mouse_I240	0.55092	0.55488	-1
mouse_I241	0.54131	0.55172	-1
mouse_I242	0.56224	0.58651	-1
mouse_I243	0.56709	0.61368	-1
mouse_I244	0.51817	0.56268	-1
mouse_I245	0.54269	0.54503	-1
mouse_I246	0.55962	0.54383	-1
mouse_I247	0.50871	0.58852	-1
mouse_I248	0.5206	0.57352	-1
mouse_I249	0.52936	0.62449	-1
mouse_I250	0.53942	0.53448	-1
mouse_I251	0.5572	0.51753	-1
mouse_I252	0.56775	0.57492	-1
mouse_I253	0.60667	0.55751	-1
mouse_I254	0.54193	0.51912	-1
mouse_I255	0.56102	0.55764	-1
mouse_I256	0.52096	0.56321	-1
mouse_I257	0.5122	0.6417	-1
mouse_I258	0.56567	0.59527	-1
mouse_I259	0.50993	0.50346	-1
mouse_I260	0.57854	0.57304	-1
mouse_I261	0.57943	0.56356	-1
mouse_I262	0.54623	0.54665	-1
mouse_I263	0.52652	0.60867	-1
mouse_I264	0.55184	0.58728	-1
mouse_I265	0.56273	0.5782	-1
mouse_I266	0.52795	0.49392	-1
mouse_I267	0.57951	0.55598	-1
mouse_I268	0.51205	0.55922	-1
mouse_I269	0.54324	0.54244	-1
mouse_I270	0.53027	0.48242	-1
mouse_I271	0.60102	0.50268	-1
mouse_I272	0.58242	0.54152	-1
mouse_I273	0.49955	0.57691	-1
mouse_I274	0.45368	0.49577	-1
mouse_I275	0.47727	0.49434	-1
mouse_I276	0.45455	0.51517	-1
mouse_I277	0.52179	0.50278	-1
mouse_I278	0.47487	0.52136	-1
mouse_I279	0.50409	0.47966	-1
mouse_I280	0.52413	0.56705	-1
mouse_I281	0.4476	0.48715	-1
mouse_I282	0.49017	0.57441	-1
mouse_I283	0.48387	0.50988	-1
mouse_I284	0.48684	0.52842	-1
mouse_I285	0.51137	0.51508	-1
mouse_I286	0.51811	0.47313	-1
mouse_I287	0.51734	0.5225	-1
mouse_I288	0.53189	0.51982	-1
mouse_I289	0.51025	0.52632	-1
mouse_I290	0.50611	0.52517	-1
mouse_I291	0.51656	0.55905	-1
mouse_I292	0.48288	0.47988	-1
mouse_I293	0.46988	0.45339	-1
mouse_I294	0.48834	0.51341	-1
mouse_I295	0.5418	0.50224	-1
mouse_I296	0.478	0.50557	-1
mouse_I297	0.52246	0.52952	-1
mouse_I298	0.45489	0.54716	-1
mouse_I299	0.49533	0.50833	-1
mouse_I300	0.52395	0.53006	-1
mouse_I301	0.50177	0.53757	-1
mouse_I302	0.51548	0.4688	-1
mouse_I303	0.51668	0.52589	-1
mouse_I304	0.52861	0.47285	-1
mouse_I305	0.49829	0.50761	-1
mouse_I306	0.47428	0.5158	-1
