%%% 
%%% igmm_sample.txt
%%%
%%% COL1: unique individual name
%%% COL2: fluorescent value of dye 1
%%% COL3: fluorescent value of dye 2
%%% COL4: classification code [-1:unknown; 0:NTC; 1:homo1; 2:homo2; 3:hetero]
%%% 
%%% (c) 2006 RIKEN GSC. All Rights Reserved. 
%%%
mouse_S001	0.00067738	0.01481	0
mouse_S002	-0.013313	-0.00049107	0
mouse_S003	0.31658	0.46506	3
mouse_S004	0.3303	0.46855	3
mouse_S005	0.34174	0.51856	3
mouse_S006	0.34427	0.45128	3
mouse_S007	0.68217	0.10255	2
mouse_S008	0.63594	0.092665	2
mouse_S009	0.40333	0.44493	3
mouse_S010	0.65203	0.090075	2
mouse_S011	-0.039352	0.89588	1
mouse_S012	0.69639	0.092305	2
mouse_S013	0.40597	0.48815	3
mouse_S014	0.69825	0.098647	2
mouse_S015	0.40346	0.50955	3
mouse_S016	0.42488	0.49869	3
mouse_S017	0.35422	0.4606	3
mouse_S018	0.61626	0.089272	2
mouse_S019	0.3555	0.46556	3
mouse_S020	0.6725	0.091841	2
mouse_S021	-0.0061735	0.91028	1
mouse_S022	0.35938	0.44652	3
mouse_S023	0.37591	0.46837	3
mouse_S024	0.69274	0.10392	2
mouse_S025	-0.0084221	0.010243	0
mouse_S026	-0.005853	-0.00063153	0
mouse_S027	0.67699	0.093798	2
mouse_S028	0.76844	0.10307	2
mouse_S029	0.73539	0.11007	2
mouse_S030	0.4185	0.52877	3
mouse_S031	0.65001	0.087491	2
mouse_S032	0.33881	0.49138	3
mouse_S033	0.69511	0.082619	2
mouse_S034	0.75716	0.10512	2
mouse_S035	0.60731	0.095821	2
mouse_S036	0.74838	0.095397	2
mouse_S037	0.31428	0.44974	3
mouse_S038	0.39055	0.47155	3
mouse_S039	0.11927	0.25782	-1
mouse_S040	0.70552	0.093705	2
mouse_S041	0.71711	0.10289	2
mouse_S042	0.75511	0.11226	2
mouse_S043	0.77295	0.10134	2
mouse_S044	0.71494	0.10191	2
mouse_S045	0.37538	0.45864	3
mouse_S046	0.38648	0.45919	3
mouse_S047	0.71193	0.081321	2
mouse_S048	0.36913	0.44047	3
mouse_S049	0.019355	0.0064007	0
mouse_S050	0.0089682	0.0047398	0
mouse_S051	0.0085537	-0.0086169	-1
mouse_S052	0.61938	0.084355	2
mouse_S053	0.7429	0.10011	2
mouse_S054	0.61314	0.068878	2
mouse_S055	0.40585	0.54733	3
mouse_S056	0.63612	0.074959	2
mouse_S057	0.44727	0.52368	3
mouse_S058	0.70321	0.084191	2
mouse_S059	-0.0078398	0.94033	1
mouse_S060	0.28888	0.024556	-1
mouse_S061	0.70141	0.099045	2
mouse_S062	0.65484	0.070449	2
mouse_S063	0.70712	0.083867	2
mouse_S064	0.65365	0.081749	2
mouse_S065	0.75284	0.084375	2
mouse_S066	0.71283	0.086883	2
mouse_S067	0.41355	0.46466	3
mouse_S068	0.43738	0.44692	3
mouse_S069	0.012861	0.83707	1
mouse_S070	0.67968	0.080644	2
mouse_S071	0.64812	0.082701	2
mouse_S072	0.68247	0.095365	2
mouse_S073	0.0026737	-0.014989	0
mouse_S074	-0.0040857	-0.020082	0
mouse_S075	0.70759	0.081915	2
mouse_S076	0.40502	0.59	3
mouse_S077	0.40028	0.51475	3
mouse_S078	0.7967	0.099199	2
mouse_S079	0.39261	0.40742	3
mouse_S080	0.41181	0.49511	3
mouse_S081	0.26109	0.018	-1
mouse_S082	0.43037	0.52333	3
mouse_S083	0.39137	0.53255	3
mouse_S084	0.39971	0.59017	3
mouse_S085	0.38969	0.47033	3
mouse_S086	0.73828	0.075574	2
mouse_S087	0.75726	0.083729	2
mouse_S088	0.38763	0.50625	3
mouse_S089	0.78082	0.088627	2
mouse_S090	0.39093	0.44374	3
mouse_S091	0.41087	0.49881	3
mouse_S092	0.36648	0.48384	3
mouse_S093	0.0056246	-0.0050578	0
mouse_S094	-0.0047607	0.80254	1
mouse_S095	0.75107	0.084064	2
mouse_S096	-0.0093371	0.74182	1
mouse_S097	-0.029902	0.94287	1
mouse_S098	-0.020498	0.97485	1
mouse_S099	0.63201	0.064869	2
mouse_S100	0.58281	0.066479	2
mouse_S101	0.36509	0.44746	3
mouse_S102	0.32722	0.46807	3
mouse_S103	0.6886	0.07423	2
mouse_S104	0.71014	0.073684	2
mouse_S105	0.38959	0.45589	3
mouse_S106	0.38287	0.52267	3
mouse_S107	0.37182	0.56468	3
mouse_S108	0.33038	0.42691	3
mouse_S109	0.37013	0.48574	3
mouse_S110	0.35363	0.42988	3
mouse_S111	0.66622	0.064083	2
mouse_S112	0.6979	0.066907	2
mouse_S113	0.79277	0.088098	2
mouse_S114	0.67041	0.075366	2
mouse_S115	0.39663	0.5105	3
mouse_S116	0.68507	0.071212	2
mouse_S117	0.36235	0.43408	3
mouse_S118	0.64069	0.066118	2
mouse_S119	0.36794	0.46639	3
mouse_S120	0.33415	0.40763	3
mouse_S121	-0.0053212	0.9053	1
mouse_S122	-0.010298	0.96086	1
mouse_S123	0.78321	0.086013	2
mouse_S124	0.46195	0.56349	3
mouse_S125	0.69611	0.082459	2
mouse_S126	0.76507	0.095721	2
mouse_S127	0.7207	0.075291	2
mouse_S128	0.76462	0.090503	2
mouse_S129	0.41759	0.52376	3
mouse_S130	0.51771	0.55474	3
mouse_S131	0.23328	0.3034	-1
mouse_S132	0.48885	0.52696	3
mouse_S133	0.71527	0.065578	2
mouse_S134	0.1696	0.24656	-1
mouse_S135	0.44096	0.47999	3
mouse_S136	0.48143	0.50139	3
mouse_S137	0.72454	0.069779	2
mouse_S138	0.40656	0.52303	3
mouse_S139	0.79151	0.08493	2
mouse_S140	0.4522	0.52734	3
mouse_S141	0.71515	0.093889	2
mouse_S142	0.42763	0.49475	3
mouse_S143	0.73557	0.088871	2
mouse_S144	0.006065	0.74963	1
mouse_S145	-0.014871	0.96627	1
mouse_S146	-0.0060548	0.8964	1
mouse_S147	0.37463	0.46502	3
mouse_S148	0.40154	0.45052	3
mouse_S149	0.74687	0.088722	2
mouse_S150	0.66517	0.077505	2
mouse_S151	0.74529	0.073995	2
mouse_S152	0.72672	0.077324	2
mouse_S153	0.81094	0.093357	2
mouse_S154	0.41777	0.46938	3
mouse_S155	0.75202	0.086269	2
mouse_S156	0.72752	0.07251	2
mouse_S157	0.43021	0.49916	3
mouse_S158	0.4698	0.49212	3
mouse_S159	0.71224	0.0661	2
mouse_S160	0.66257	0.066441	2
mouse_S161	0.49195	0.43186	3
mouse_S162	0.64358	0.06464	2
mouse_S163	0.70315	0.066622	2
mouse_S164	0.69646	0.076144	2
mouse_S165	0.47218	0.49245	3
mouse_S166	0.39911	0.41345	3
mouse_S167	0.42954	0.46104	3
mouse_S168	0.41225	0.48097	3
mouse_S169	-0.046373	0.97223	1
mouse_S170	-0.014669	0.97875	1
mouse_S171	0.39418	0.51802	3
mouse_S172	0.16536	0.0096447	-1
mouse_S173	0.32897	0.4763	3
mouse_S174	0.79609	0.085522	2
mouse_S175	0.3499	0.47175	3
mouse_S176	0.13822	-0.0079937	-1
mouse_S177	0.67177	0.073934	2
mouse_S178	0.42248	0.51314	3
mouse_S179	0.66734	0.069499	2
mouse_S180	0.69559	0.07056	2
mouse_S181	0.35063	0.47188	3
mouse_S182	0.030712	0.00044301	-1
mouse_S183	0.68505	0.068538	2
mouse_S184	0.42881	0.50147	3
mouse_S185	0.33717	0.46817	3
mouse_S186	0.71706	0.079772	2
mouse_S187	0.41561	0.42998	3
mouse_S188	-0.024063	0.87054	1
mouse_S189	0.7031	0.067447	2
mouse_S190	-0.023302	0.88431	1
mouse_S191	0.36662	0.44972	3
mouse_S192	0.34522	0.48438	3
mouse_S193	0.0089136	0.92816	1
mouse_S194	-0.0042671	0.8926	1
mouse_S195	0.36705	0.50587	3
mouse_S196	0.64277	0.07147	2
mouse_S197	0.43981	0.4843	3
mouse_S198	0.7002	0.076608	2
mouse_S199	0.40653	0.48666	3
mouse_S200	0.68298	0.080333	2
mouse_S201	0.35136	0.39786	3
mouse_S202	-0.017508	-0.029561	-1
mouse_S203	0.76738	0.091672	2
mouse_S204	0.70001	0.075948	2
mouse_S205	0.20883	0.014128	-1
mouse_S206	0.69008	0.072456	2
mouse_S207	0.36549	0.45189	3
mouse_S208	0.66315	0.075134	2
mouse_S209	0.67993	0.082364	2
mouse_S210	0.3878	0.46188	3
mouse_S211	0.40365	0.4136	3
mouse_S212	0.61873	0.087101	2
mouse_S213	-0.008328	0.81932	1
mouse_S214	0.70808	0.084919	2
mouse_S215	0.7065	0.078123	2
mouse_S216	0.42173	0.45341	3
mouse_S217	0.01061	0.95728	1
mouse_S218	0.0029396	0.94703	1
mouse_S219	0.49439	0.55304	3
mouse_S220	0.76976	0.14024	2
mouse_S221	0.063032	-0.010819	-1
mouse_S222	0.75099	0.085237	2
mouse_S223	0.73247	0.072504	2
mouse_S224	-0.0028299	-0.020647	0
mouse_S225	0.38361	0.46573	3
mouse_S226	0.4252	0.46607	3
mouse_S227	0.38035	0.51949	3
mouse_S228	0.40326	0.52542	3
mouse_S229	0.71542	0.081606	2
mouse_S230	0.754	0.072426	2
mouse_S231	0.36478	0.44025	3
mouse_S232	0.39773	0.48449	3
mouse_S233	0.69631	0.063249	2
mouse_S234	0.39751	0.49948	3
mouse_S235	0.3664	0.52208	3
mouse_S236	-0.0008376	0.8445	1
mouse_S237	0.4462	0.48743	3
mouse_S238	0.0092805	0.84391	1
mouse_S239	0.39695	0.38909	3
mouse_S240	0.32021	0.45669	3
mouse_S241	0.64627	0.077193	2
mouse_S242	0.6374	0.080721	2
mouse_S243	0.36423	0.5528	3
mouse_S244	0.68859	0.079849	2
mouse_S245	0.3931	0.5153	3
mouse_S246	0.37855	0.48847	3
mouse_S247	0.4607	0.50758	3
mouse_S248	0.50222	0.49022	3
mouse_S249	0.43087	0.45685	3
mouse_S250	0.39105	0.47815	3
mouse_S251	0.45439	0.4788	3
mouse_S252	0.45734	0.44622	3
mouse_S253	0.43454	0.47773	3
mouse_S254	0.72751	0.077466	2
mouse_S255	0.088263	0.08745	-1
mouse_S256	0.4168	0.44962	3
mouse_S257	0.40888	0.49728	3
mouse_S258	0.44375	0.028808	-1
mouse_S259	0.40754	0.46665	3
mouse_S260	0.38686	0.48224	3
mouse_S261	0.0059996	0.88764	1
mouse_S262	0.40992	0.46813	3
mouse_S263	0.73193	0.080995	2
mouse_S264	0.4013	0.38203	3
mouse_S265	0.62613	0.071869	2
mouse_S266	0.63638	0.074204	2
mouse_S267	0.44248	0.51048	3
mouse_S268	0.16196	0.011536	-1
mouse_S269	0.45255	0.52273	3
mouse_S270	0.44687	0.51796	3
mouse_S271	0.71977	0.097319	2
mouse_S272	-0.0017962	-0.0055187	0
mouse_S273	0.67043	0.092048	2
mouse_S274	0.80009	0.088073	2
mouse_S275	0.12034	0.014634	-1
mouse_S276	0.73389	0.093079	2
mouse_S277	0.43586	0.53331	3
mouse_S278	0.43966	0.49554	3
mouse_S279	0.38881	0.45043	3
mouse_S280	0.048838	0.17328	-1
mouse_S281	0.66991	0.073489	2
mouse_S282	0.4057	0.50498	3
mouse_S283	0.69562	0.077715	2
mouse_S284	-0.003633	1	1
mouse_S285	0.67349	0.085908	2
mouse_S286	-0.019248	0.91014	1
mouse_S287	0.40376	0.4837	3
mouse_S288	-0.0014076	0.94186	1
mouse_S289	0.65315	0.07147	2
mouse_S290	0.63881	0.07761	2
mouse_S291	0.68352	0.076714	2
mouse_S292	0.37751	0.43588	3
mouse_S293	0.6711	0.072546	2
mouse_S294	-0.0087234	-0.026094	-1
mouse_S295	0.42659	0.42117	3
mouse_S296	0.7106	0.090135	2
mouse_S297	-0.0024358	0.89679	1
mouse_S298	0.3881	0.46277	3
mouse_S299	0.39868	0.48227	3
mouse_S300	0.33146	0.51091	3
mouse_S301	-0.011513	0.79793	1
mouse_S302	0.69151	0.070519	2
mouse_S303	0.38898	0.52793	3
mouse_S304	0.36868	0.50227	3
mouse_S305	0.66522	0.074074	2
mouse_S306	0.004936	-0.080402	-1
mouse_S307	0.41094	0.47377	3
mouse_S308	0.64477	0.070113	2
mouse_S309	0.0044805	-0.0041388	0
mouse_S310	-0.0064407	0.85127	1
mouse_S311	0.63186	0.075563	2
mouse_S312	-0.0098102	-0.026221	-1
mouse_S313	0.67605	0.087356	2
mouse_S314	0.61032	0.090036	2
mouse_S315	0.42518	0.54847	3
mouse_S316	0.38097	0.53312	3
mouse_S317	0.41919	0.54965	3
mouse_S318	0.41783	0.54601	3
mouse_S319	0.74566	0.10699	2
mouse_S320	0.017159	0.010387	0
mouse_S321	0.44848	0.51924	3
mouse_S322	0.39553	0.56855	3
mouse_S323	0.4135	0.53368	3
mouse_S324	0.39275	0.56017	3
mouse_S325	0.44971	0.52134	3
mouse_S326	0.4492	0.492	3
mouse_S327	0.75392	0.097646	2
mouse_S328	-0.0051944	-0.01642	-1
mouse_S329	0.76141	0.10113	2
mouse_S330	0.72207	0.10083	2
mouse_S331	0.76357	0.10615	2
mouse_S332	0.462	0.54303	3
mouse_S333	0.81842	0.12248	2
mouse_S334	0.42723	0.51752	3
mouse_S335	0.05397	0.1086	-1
mouse_S336	0.0044642	0.80645	1
mouse_S337	0.57172	0.070668	2
mouse_S338	0.633	0.085969	2
mouse_S339	0.71453	0.10318	2
mouse_S340	0.019234	0.0084638	0
mouse_S341	0.38773	0.44978	3
mouse_S342	0.68335	0.084078	2
mouse_S343	0.73486	0.10309	2
mouse_S344	0.71168	0.081359	2
mouse_S345	0.46084	0.54608	3
mouse_S346	0.7692	0.086929	2
mouse_S347	0.40559	0.50108	3
mouse_S348	0.70155	0.083673	2
mouse_S349	0.40049	0.49555	3
mouse_S350	0.73333	0.092423	2
mouse_S351	0.70059	0.084623	2
mouse_S352	0.76931	0.096254	2
mouse_S353	0.57516	0.072479	2
mouse_S354	0.37034	0.43381	3
mouse_S355	0.67356	0.087621	2
mouse_S356	0.70472	0.087327	2
mouse_S357	0.028497	0.018341	0
mouse_S358	0.015441	0.8153	1
mouse_S359	0.42819	0.44349	3
mouse_S360	0.33601	0.53658	3
mouse_S361	0.56922	0.047571	2
mouse_S362	0.59565	0.0685	2
mouse_S363	0.65439	0.054742	2
mouse_S364	0.71009	0.07707	2
mouse_S365	-0.016317	-0.024886	0
mouse_S366	0.38813	0.47515	3
mouse_S367	0.39452	0.42126	3
mouse_S368	-0.0014567	-0.013075	0
mouse_S369	0.38393	0.45884	3
mouse_S370	0.75738	0.07885	2
mouse_S371	0.71102	0.066896	2
mouse_S372	0.41457	0.54561	3
mouse_S373	0.66586	0.060862	2
mouse_S374	0.37277	0.4933	3
mouse_S375	0.76015	0.072359	2
mouse_S376	0.38623	0.48782	3
mouse_S377	0.44263	0.53159	3
mouse_S378	0.36865	0.4864	3
mouse_S379	0.70214	0.067776	2
mouse_S380	0.022059	0.88996	1
mouse_S381	0.39125	0.55455	3
mouse_S382	0.42154	0.52028	3
mouse_S383	0.74361	0.07431	2
mouse_S384	0.021099	0.86131	1
