%%% 
%%% SNP-D.txt
%%%
%%% COL1: unique individual name
%%% COL2: fluorescent value of dye 1
%%% COL3: fluorescent value of dye 2
%%% COL4: classification code [-1:unknown; 0:NTC; 1:homo1; 2:homo2; 3:hetero]
%%%
%%% (c) 2006 RIKEN GSC. All Rights Reserved. 
%%%
mouse_E001	-0.012949	0.043524	-1
mouse_E002	-0.025382	-0.018936	-1
mouse_E003	-0.028409	0.060482	-1
mouse_E004	-0.06314	0.030046	-1
mouse_E005	-0.037018	0.062101	-1
mouse_E006	-0.052495	0.027013	-1
mouse_E007	-0.062282	0.02824	-1
mouse_E008	-0.076503	-0.026446	-1
mouse_E009	-0.078545	0.065986	-1
mouse_E010	-0.077162	-0.011989	-1
mouse_E011	-0.076002	0.08919	-1
mouse_E012	-0.10776	-0.0151	-1
mouse_E013	-0.089468	0.097914	-1
mouse_E014	-0.076648	0.049227	-1
mouse_E015	-0.085759	0.12613	-1
mouse_E016	-0.056978	0.035773	-1
mouse_E017	-0.074613	0.013753	-1
mouse_E018	-0.071622	-0.0076875	-1
mouse_E019	-0.073078	0.088417	-1
mouse_E020	-0.079119	0.054556	-1
mouse_E021	-0.073845	0.09978	-1
mouse_E022	-0.088072	0.040546	-1
mouse_E023	-0.041289	0.1091	-1
mouse_E024	-0.030415	0.0661	-1
mouse_E025	-0.0028968	0.012122	-1
mouse_E026	-0.044672	-0.022458	-1
mouse_E027	-0.024289	-0.013276	-1
mouse_E028	-0.083475	0.04559	-1
mouse_E029	-0.069127	0.081083	-1
mouse_E030	-0.068608	0.018423	-1
mouse_E031	-0.085825	0.044473	-1
mouse_E032	-0.07225	-0.014351	-1
mouse_E033	-0.042509	0.077585	-1
mouse_E034	-0.060615	0.0051743	-1
mouse_E035	-0.092247	0.036148	-1
mouse_E036	-0.11284	0.024458	-1
mouse_E037	-0.092688	0.06639	-1
mouse_E038	-0.096802	-0.021927	-1
mouse_E039	-0.090163	0.04437	-1
mouse_E040	-0.09296	0.0044796	-1
mouse_E041	-0.085837	0.1201	-1
mouse_E042	-0.098041	0.020652	-1
mouse_E043	-0.056948	0.13513	-1
mouse_E044	-0.087511	0.085469	-1
mouse_E045	-0.053281	0.10366	-1
mouse_E046	-0.098379	0.053825	-1
mouse_E047	-0.084955	0.049366	-1
mouse_E048	-0.088538	0.00089713	-1
mouse_E049	0.069598	0.038504	-1
mouse_E050	0.03619	-0.001459	-1
mouse_E051	0.041772	0.061624	-1
mouse_E052	-0.013119	0.066892	-1
mouse_E053	-0.016121	0.097684	-1
mouse_E054	0.0031082	0.043609	-1
mouse_E055	0.0036157	0.074196	-1
mouse_E056	0.0059959	0.03741	-1
mouse_E057	-0.00081859	0.1128	-1
mouse_E058	-0.037646	0.019426	-1
mouse_E059	-0.0063282	0.069465	-1
mouse_E060	-0.0046669	0.0011086	-1
mouse_E061	-0.020561	0.089692	-1
mouse_E062	-0.0041413	0.068529	-1
mouse_E063	0.012152	0.0672	-1
mouse_E064	-0.014611	0.038969	-1
mouse_E065	-0.0083943	0.084532	-1
mouse_E066	-0.036522	0.053933	-1
mouse_E067	-0.0021779	0.076775	-1
mouse_E068	-0.029968	0.086538	-1
mouse_E069	0.0092522	0.085861	-1
mouse_E070	-0.007905	0.11511	-1
mouse_E071	-0.013354	0.070021	-1
mouse_E072	-0.0062678	0.059431	-1
mouse_E073	0.0017308	-0.030995	-1
mouse_E074	-0.021619	-0.020302	-1
mouse_E075	-0.05136	0.0078627	-1
mouse_E076	-0.084472	0.0076513	-1
mouse_E077	-0.079482	0.069254	-1
mouse_E078	-0.037471	0.046116	-1
mouse_E079	-0.094917	0.013149	-1
mouse_E080	-0.053214	-0.022899	-1
mouse_E081	-0.019009	0.022011	-1
mouse_E082	-0.074854	0.01423	-1
mouse_E083	-0.058476	0.022809	-1
mouse_E084	-0.089553	-0.015481	-1
mouse_E085	-0.10688	0.052967	-1
mouse_E086	-0.062252	-0.026319	-1
mouse_E087	-0.065345	0.05194	-1
mouse_E088	-0.092205	-0.018229	-1
mouse_E089	-0.073428	0.022476	-1
mouse_E090	-0.10255	0.024005	-1
mouse_E091	-0.053226	0.060283	-1
mouse_E092	-0.097346	0.055909	-1
mouse_E093	-0.04765	0.03355	-1
mouse_E094	-0.065786	0.015922	-1
mouse_E095	-0.070474	0.056803	-1
mouse_E096	-0.080056	0.027424	-1
mouse_E097	-0.073138	0.035423	-1
mouse_E098	-0.11613	0.022785	-1
mouse_E099	-0.099061	0.039011	-1
mouse_E100	-0.11559	0.022881	-1
mouse_E101	-0.08887	0.09702	-1
mouse_E102	-0.12803	0.039555	-1
mouse_E103	-0.16767	0.044835	-1
mouse_E104	-0.11144	-0.05751	-1
mouse_E105	-0.094398	-0.0025887	-1
mouse_E106	-0.14893	0.013626	-1
mouse_E107	-0.093794	0.060548	-1
mouse_E108	-0.14432	-0.025364	-1
mouse_E109	-0.10132	0.058174	-1
mouse_E110	-0.14758	-0.0034224	-1
mouse_E111	-0.11371	0.015759	-1
mouse_E112	-0.15508	0.012309	-1
mouse_E113	-0.1329	0.16977	-1
mouse_E114	-0.14194	0.01632	-1
mouse_E115	-0.086333	0.13329	-1
mouse_E116	-0.097158	0.033925	-1
mouse_E117	-0.12044	0.058078	-1
mouse_E118	-0.14299	0.068928	-1
mouse_E119	-0.17083	0.10008	-1
mouse_E120	-0.14707	-0.016635	-1
mouse_E121	0.033641	0.055909	-1
mouse_E122	0.01597	-0.0083097	-1
mouse_E123	0.037483	0.017915	-1
mouse_E124	-0.025437	0.011584	-1
mouse_E125	0.0035674	0.036202	-1
mouse_E126	0.0052408	-0.0011207	-1
mouse_E127	-0.019685	-0.012243	-1
mouse_E128	-0.0083822	0.017341	-1
mouse_E129	-0.022162	0.050544	-1
mouse_E130	-0.027322	0.0044252	-1
mouse_E131	-0.017704	0.004389	-1
mouse_E132	-0.049372	0.015463	-1
mouse_E133	-0.029635	0.022537	-1
mouse_E134	-0.027509	-0.054338	-1
mouse_E135	-0.033176	0.020851	-1
mouse_E136	-0.040407	0.0067088	-1
mouse_E137	-0.028149	0.036075	-1
mouse_E138	-0.01069	0.010545	-1
mouse_E139	-0.0079714	0.025231	-1
mouse_E140	-0.039779	0.055172	-1
mouse_E141	-0.016568	0.042455	-1
mouse_E142	-0.019426	0.012086	-1
mouse_E143	-0.022132	0.011143	-1
mouse_E144	-0.033333	-0.014351	-1
mouse_E145	0.039126	0.055649	-1
mouse_E146	-0.011149	-0.008491	-1
mouse_E147	0.001755	0.081735	-1
mouse_E148	-0.018054	-0.0042017	-1
mouse_E149	-0.01707	0.055848	-1
mouse_E150	-0.026107	0.026699	-1
mouse_E151	-0.04611	0.10266	-1
mouse_E152	-0.036649	0.024869	-1
mouse_E153	0.0020268	0.068867	-1
mouse_E154	-0.029074	0.03619	-1
mouse_E155	-0.068209	0.13217	-1
mouse_E156	-0.0062074	-0.0060745	-1
mouse_E157	-0.038866	0.10637	-1
mouse_E158	-0.039634	0.0026672	-1
mouse_E159	-0.052199	0.079186	-1
mouse_E160	-0.042038	0.013783	-1
mouse_E161	-0.013819	0.065816	-1
mouse_E162	-0.026427	0.032088	-1
mouse_E163	-0.025129	0.14314	-1
mouse_E164	-0.035495	0.051843	-1
mouse_E165	-0.056138	0.063515	-1
mouse_E166	0.015185	0.043119	-1
mouse_E167	-0.029418	0.051323	-1
mouse_E168	-0.029285	0.033997	-1
mouse_E169	-0.04408	0.025376	-1
mouse_E170	-0.048321	0.038613	-1
mouse_E171	-0.018562	0.057516	-1
mouse_E172	-0.07724	0.016302	-1
mouse_E173	-0.11327	0.098614	-1
mouse_E174	-0.076316	0.085916	-1
mouse_E175	-0.069206	0.099448	-1
mouse_E176	-0.11374	-0.14128	-1
mouse_E177	-0.084043	0.064348	-1
mouse_E178	-0.10388	0.026186	-1
mouse_E179	-0.080352	0.074069	-1
mouse_E180	-0.078823	0.028584	-1
mouse_E181	-0.089692	0.064717	-1
mouse_E182	-0.075609	0.034275	-1
mouse_E183	-0.094259	0.020332	-1
mouse_E184	-0.086055	0.079458	-1
mouse_E185	-0.072099	0.061273	-1
mouse_E186	-0.11795	0.026983	-1
mouse_E187	-0.13008	0.085849	-1
mouse_E188	-0.10443	0.086713	-1
mouse_E189	-0.11578	0.082182	-1
mouse_E190	-0.11522	0.053359	-1
mouse_E191	-0.089335	0.00038362	-1
mouse_E192	-0.11108	0.039634	-1
mouse_E193	-0.00090921	0.13605	-1
mouse_E194	-0.028113	0.0023108	-1
mouse_E195	0.0020933	0.16524	-1
mouse_E196	-0.057063	0.041126	-1
mouse_E197	0.011355	0.14029	-1
mouse_E198	-0.055184	0.12442	-1
mouse_E199	-0.042654	0.092416	-1
mouse_E200	-0.017752	0.0074398	-1
mouse_E201	-0.03494	0.078412	-1
mouse_E202	-0.043301	0.041833	-1
mouse_E203	-0.023371	0.074304	-1
mouse_E204	-0.042721	0.05139	-1
mouse_E205	-0.013088	0.069357	-1
mouse_E206	-0.059588	0.042455	-1
mouse_E207	-0.053208	0.067411	-1
mouse_E208	-0.060573	-0.037954	-1
mouse_E209	-0.012067	0.10809	-1
mouse_E210	-0.042328	0.04443	-1
mouse_E211	-0.0093307	0.13697	-1
mouse_E212	-0.059642	0.043929	-1
mouse_E213	-0.058525	0.11373	-1
mouse_E214	-0.040286	0.10031	-1
mouse_E215	-0.079282	0.091516	-1
mouse_E216	-0.074298	0.094162	-1
mouse_E217	0.037706	0.086145	-1
mouse_E218	0.019722	0.0067753	-1
mouse_E219	0.028053	0.094361	-1
mouse_E220	-0.0025464	0.054936	-1
mouse_E221	0.031774	0.10052	-1
mouse_E222	0.012237	0.0056214	-1
mouse_E223	0.0021477	0.069024	-1
mouse_E224	0.0013744	-0.018296	-1
mouse_E225	0.0043769	0.042709	-1
mouse_E226	0.011306	-0.023346	-1
mouse_E227	0.013662	0.034293	-1
mouse_E228	-0.0059355	-0.012955	-1
mouse_E229	0.011228	0.087305	-1
mouse_E230	0.021051	0.023848	-1
mouse_E231	0.024192	0.032801	-1
mouse_E232	-0.01014	0.0098805	-1
mouse_E233	0.03448	0.010877	-1
mouse_E234	0.0048421	0.027944	-1
mouse_E235	0.0098201	0.075241	-1
mouse_E236	-0.015306	-0.0063826	-1
mouse_E237	0.037344	0.069526	-1
mouse_E238	-0.001459	0.052792	-1
mouse_E239	0.0010059	0.040165	-1
mouse_E240	0.015686	-0.00053465	-1
mouse_E241	0.045427	0.16698	-1
mouse_E242	-0.0095603	0.10665	-1
mouse_E243	0.090513	0.098252	-1
mouse_E244	-0.05293	0.010811	-1
mouse_E245	-0.0033861	0.18324	-1
mouse_E246	0.012835	0.086804	-1
mouse_E247	-0.055709	0.086236	-1
mouse_E248	-0.049765	0.028874	-1
mouse_E249	-0.015179	0.093431	-1
mouse_E250	-0.019915	0.065466	-1
mouse_E251	-0.011065	0.096796	-1
mouse_E252	-0.028107	0.072613	-1
mouse_E253	-0.0079775	0.14006	-1
mouse_E254	-0.011874	0.077941	-1
mouse_E255	0.015571	0.041482	-1
mouse_E256	-0.029684	0.041573	-1
mouse_E257	-0.033025	0.11437	-1
mouse_E258	-0.0056456	0.11118	-1
mouse_E259	-0.024766	0.10651	-1
mouse_E260	-0.048351	0.069689	-1
mouse_E261	0.0091676	0.081294	-1
mouse_E262	-0.019444	0.079639	-1
mouse_E263	-0.045506	0.11768	-1
mouse_E264	-0.0062678	0.070692	-1
mouse_E265	0.015728	0.15524	-1
mouse_E266	-0.047089	0.083771	-1
mouse_E267	0.015934	0.11741	-1
mouse_E268	0.0010482	0.12648	-1
mouse_E269	-0.055981	0.13886	-1
mouse_E270	-0.028518	0.072589	-1
mouse_E271	-0.049185	0.11075	-1
mouse_E272	-0.014562	0.090217	-1
mouse_E273	-0.028228	0.097195	-1
mouse_E274	-0.036462	0.085136	-1
mouse_E275	-0.031128	0.10367	-1
mouse_E276	-0.027612	0.066874	-1
mouse_E277	-0.034384	0.077319	-1
mouse_E278	-0.038444	0.084025	-1
mouse_E279	-0.028645	0.084405	-1
mouse_E280	-0.060053	0.0956	-1
mouse_E281	-0.072462	0.13748	-1
mouse_E282	-0.019577	0.090163	-1
mouse_E283	-0.041241	0.15808	-1
mouse_E284	-0.0227	0.11939	-1
mouse_E285	-0.0444	0.1122	-1
mouse_E286	-0.019444	0.07277	-1
mouse_E287	-0.04791	-0.059364	-1
mouse_E288	-0.053867	0.030964	-1
mouse_E289	0.070583	0.07622	-1
mouse_E290	0.055039	0.01748	-1
mouse_E291	0.05876	0.18885	-1
mouse_E292	-0.0017973	0.091999	-1
mouse_E293	0.03703	0.16576	-1
mouse_E294	-0.0063403	0.05438	-1
mouse_E295	0.021226	0.11735	-1
mouse_E296	0.0087568	0.031973	-1
mouse_E297	-0.02859	0.020924	-1
mouse_E298	-0.0028787	0.037181	-1
mouse_E299	0.00096962	0.11691	-1
mouse_E300	0.0036217	0.061171	-1
mouse_E301	-0.037664	0.12875	-1
mouse_E302	0.0045098	0.034517	-1
mouse_E303	0.019486	0.053444	-1
mouse_E304	-0.02511	0.04051	-1
mouse_E305	0.019395	0.0983	-1
mouse_E306	-0.024392	0.10465	-1
mouse_E307	0.014544	0.10994	-1
mouse_E308	-0.0072465	0.10768	-1
mouse_E309	0.029237	0.12474	-1
mouse_E310	-0.031816	0.14179	-1
mouse_E311	-0.012738	0.12738	-1
mouse_E312	-0.01417	0.10729	-1
mouse_E313	0.054749	0.25938	-1
mouse_E314	0.011415	0.21485	-1
mouse_E315	-0.021371	0.29276	-1
mouse_E316	0.0076633	0.14144	-1
mouse_E317	0.018411	0.25742	-1
mouse_E318	0.0083943	0.22264	-1
mouse_E319	0.00072193	0.2467	-1
mouse_E320	-0.024265	0.18593	-1
mouse_E321	-0.032795	0.19758	-1
mouse_E322	-0.028252	0.14378	-1
mouse_E323	-0.0024679	0.21562	-1
mouse_E324	-0.035429	0.17842	-1
mouse_E325	-0.028107	0.20203	-1
mouse_E326	-0.040528	0.17058	-1
mouse_E327	-0.035622	0.17436	-1
mouse_E328	-0.039906	0.17986	-1
mouse_E329	0.019118	0.21504	-1
mouse_E330	-0.035634	0.24411	-1
mouse_E331	-0.070051	0.22623	-1
mouse_E332	-0.019903	0.25654	-1
mouse_E333	-0.014417	0.23552	-1
mouse_E334	-0.04138	0.28523	-1
mouse_E335	-0.022428	0.090308	-1
mouse_E336	-0.077361	0.21116	-1
mouse_E337	0.082212	0.16806	-1
mouse_E338	0.038933	0.11428	-1
mouse_E339	0.049294	0.19424	-1
mouse_E340	0.034764	0.14749	-1
mouse_E341	0.01797	0.22767	-1
mouse_E342	-0.0062799	0.079065	-1
mouse_E343	-0.050321	-0.24527	-1
mouse_E344	-0.0051562	0.075591	-1
mouse_E345	-0.019559	0.14878	-1
mouse_E346	-0.020235	0.06894	-1
mouse_E347	0.024035	0.15274	-1
mouse_E348	0.0056153	0.17788	-1
mouse_E349	0.011808	0.11891	-1
mouse_E350	-0.012418	0.11787	-1
mouse_E351	-0.0018396	0.15194	-1
mouse_E352	-0.015142	0.17473	-1
mouse_E353	-0.0086843	0.19976	-1
mouse_E354	-0.0086239	0.17803	-1
mouse_E355	-0.0022685	0.18033	-1
mouse_E356	0.031013	0.12706	-1
mouse_E357	0.03091	0.34133	-1
mouse_E358	0.020525	0.46592	-1
mouse_E359	0.040238	0.21527	-1
mouse_E360	-0.024059	0.29077	-1
mouse_E361	0.21139	0.14209	-1
mouse_E362	0.12729	0.042056	-1
mouse_E363	0.083946	0.14617	-1
mouse_E364	0.12753	0.065243	-1
mouse_E365	0.088658	0.1389	-1
mouse_E366	0.046901	0.022863	-1
mouse_E367	0.059528	0.04643	-1
mouse_E368	0.31606	-0.64966	-1
mouse_E369	0.053045	0.13646	-1
mouse_E370	0.084623	0.030445	-1
mouse_E371	0.056573	0.091685	-1
mouse_E372	0.092313	-0.015209	-1
mouse_E373	0.13043	0.0059839	-1
mouse_E374	0.058422	-0.037954	-1
mouse_E375	0.065605	0.04138	-1
mouse_E376	0.067581	0.019063	-1
mouse_E377	0.072661	0.12059	-1
mouse_E378	0.10736	0.13493	-1
mouse_E379	0.086447	0.26116	-1
mouse_E380	0.10099	0.15063	-1
mouse_E381	0.094694	0.12628	-1
mouse_E382	0.11515	1	-1
mouse_E383	0.15034	0.64831	-1
mouse_E384	0.14548	0.68633	-1
