%%% 
%%% SNP-F.txt
%%%
%%% COL1: unique individual name
%%% COL2: fluorescent value of dye 1
%%% COL3: fluorescent value of dye 2
%%% COL4: classification code [-1:unknown; 0:NTC; 1:homo1; 2:homo2; 3:hetero]
%%%
%%% (c) 2006 RIKEN GSC. All Rights Reserved. 
%%%
mouse_F001	-0.0014114	-0.0020637	0
mouse_F002	-0.0013927	0.0012487	0
mouse_F003	0.54683	0.10617	2
mouse_F004	0.34234	0.46932	3
mouse_F005	0.59187	0.11649	2
mouse_F006	0.62586	0.11902	2
mouse_F007	0.30481	0.52268	3
mouse_F008	0.29789	0.42116	3
mouse_F009	0.38993	0.46675	3
mouse_F010	0.3684	0.49016	3
mouse_F011	-0.030678	0.84957	1
mouse_F012	0.70613	0.13771	2
mouse_F013	0.3897	0.52499	3
mouse_F014	0.70351	0.13443	2
mouse_F015	0.42701	0.49556	3
mouse_F016	0.70715	0.13974	2
mouse_F017	0.68655	0.12766	2
mouse_F018	0.73292	0.14257	2
mouse_F019	0.32502	0.53339	3
mouse_F020	0.66984	0.12782	2
mouse_F021	-0.029836	0.86674	1
mouse_F022	0.66784	0.1325	2
mouse_F023	0.70206	0.14851	2
mouse_F024	0.6675	0.12656	2
mouse_F025	-0.002817	0.011009	0
mouse_F026	-0.0098417	-0.0029167	0
mouse_F027	0.70533	0.12685	2
mouse_F028	0.74908	0.14879	2
mouse_F029	0.38069	0.54843	3
mouse_F030	0.64952	0.12847	2
mouse_F031	0.29436	0.40847	3
mouse_F032	0.57918	0.11252	2
mouse_F033	0.6894	0.12366	2
mouse_F034	0.74593	0.14233	2
mouse_F035	0.33868	0.48887	3
mouse_F036	0.769	0.14962	2
mouse_F037	0.34748	0.47069	3
mouse_F038	0.73687	0.1356	2
mouse_F039	0.25209	0.24538	3
mouse_F040	0.75818	0.15068	2
mouse_F041	0.70953	0.13267	2
mouse_F042	0.43082	0.50061	3
mouse_F043	0.3824	0.57262	3
mouse_F044	0.36541	0.55266	3
mouse_F045	0.38717	0.46973	3
mouse_F046	0.41021	0.47885	3
mouse_F047	0.73411	0.12817	2
mouse_F048	0.35676	0.47527	3
mouse_F049	0.0029647	-0.0038416	0
mouse_F050	0.0080816	0.0044587	0
mouse_F051	0.46117	0.51323	3
mouse_F052	0.37191	0.43964	3
mouse_F053	0.6588	0.11272	2
mouse_F054	0.38903	0.54367	3
mouse_F055	0.35801	0.51572	3
mouse_F056	0.63324	0.12182	2
mouse_F057	0.40887	0.47091	3
mouse_F058	0.38234	0.48755	3
mouse_F059	0.44853	0.57002	3
mouse_F060	0.41659	0.081037	2
mouse_F061	0.39216	0.51128	3
mouse_F062	0.38586	0.47657	3
mouse_F063	0.72488	0.13176	2
mouse_F064	0.38408	0.48373	3
mouse_F065	0.63532	0.11179	2
mouse_F066	0.35123	0.4724	3
mouse_F067	0.67604	0.1265	2
mouse_F068	0.34181	0.37625	3
mouse_F069	-0.0050922	0.81783	1
mouse_F070	0.65005	0.12974	2
mouse_F071	0.37955	0.43693	3
mouse_F072	0.38145	0.48451	3
mouse_F073	0.0030445	-0.0035628	0
mouse_F074	0.001372	-0.0043311	0
mouse_F075	0.37392	0.53695	3
mouse_F076	0.76732	0.13669	2
mouse_F077	0.68669	0.11478	2
mouse_F078	0.36282	0.56994	3
mouse_F079	0.35108	0.45262	3
mouse_F080	0.72184	0.12733	2
mouse_F081	0.18619	0.18319	3
mouse_F082	0.37977	0.57397	3
mouse_F083	0.70872	0.12339	2
mouse_F084	0.33276	0.4464	3
mouse_F085	0.70837	0.12744	2
mouse_F086	0.3862	0.54025	3
mouse_F087	0.71731	0.12034	2
mouse_F088	0.37503	0.54364	3
mouse_F089	0.74059	0.12521	2
mouse_F090	0.72864	0.12265	2
mouse_F091	0.69356	0.12531	2
mouse_F092	0.38873	0.49288	3
mouse_F093	-0.0010578	0.002994	0
mouse_F094	-0.015281	0.82866	1
mouse_F095	0.68944	0.11444	2
mouse_F096	0.3504	0.50176	3
mouse_F097	-0.044427	0.95407	1
mouse_F098	-0.037672	0.96069	1
mouse_F099	0.33318	0.43966	3
mouse_F100	0.37488	0.46437	3
mouse_F101	0.096518	0.014805	2
mouse_F102	0.71996	0.12692	2
mouse_F103	0.63512	0.10448	2
mouse_F104	0.6638	0.11513	2
mouse_F105	0.69964	0.12105	2
mouse_F106	0.34626	0.54865	3
mouse_F107	0.36117	0.45519	3
mouse_F108	0.34553	0.4807	3
mouse_F109	0.67476	0.11321	2
mouse_F110	0.34017	0.44936	3
mouse_F111	0.67134	0.10744	2
mouse_F112	0.36612	0.49141	3
mouse_F113	0.77024	0.12939	2
mouse_F114	0.67975	0.11692	2
mouse_F115	0.61526	0.10358	2
mouse_F116	0.35915	0.44888	3
mouse_F117	-0.032823	0.80209	1
mouse_F118	0.30091	0.3553	3
mouse_F119	0.63433	0.10516	2
mouse_F120	0.34457	0.45688	3
mouse_F121	-0.015979	0.96824	1
mouse_F122	-0.025357	0.95465	1
mouse_F123	0.70434	0.10622	2
mouse_F124	0.78693	0.14598	2
mouse_F125	0.38044	0.50672	3
mouse_F126	0.75114	0.12899	2
mouse_F127	0.63941	0.099698	2
mouse_F128	0.71147	0.12444	2
mouse_F129	0.36988	0.50569	3
mouse_F130	0.38895	0.62362	3
mouse_F131	0.17368	0.47519	3
mouse_F132	0.43388	0.52728	3
mouse_F133	0.66585	0.10693	2
mouse_F134	0.43634	0.075703	2
mouse_F135	0.39641	0.46501	3
mouse_F136	0.7973	0.13831	2
mouse_F137	0.70078	0.11267	2
mouse_F138	0.73155	0.12321	2
mouse_F139	0.3521	0.48763	3
mouse_F140	0.3946	0.54203	3
mouse_F141	0.65468	0.11595	2
mouse_F142	-0.017182	0.87103	1
mouse_F143	0.36045	0.52795	3
mouse_F144	-0.0098279	0.80104	1
mouse_F145	-0.021792	0.97968	1
mouse_F146	0.70044	0.12622	2
mouse_F147	0.34212	0.52708	3
mouse_F148	0.30327	0.43352	3
mouse_F149	0.35296	0.46775	3
mouse_F150	0.71702	0.12457	2
mouse_F151	0.70396	0.12184	2
mouse_F152	0.35179	0.53251	3
mouse_F153	0.71339	0.12867	2
mouse_F154	0.7464	0.13094	2
mouse_F155	0.48986	0.089007	2
mouse_F156	0.41723	0.51642	3
mouse_F157	0.76473	0.12401	2
mouse_F158	0.38273	0.49827	3
mouse_F159	0.68654	0.12769	2
mouse_F160	0.41578	0.52628	3
mouse_F161	0.36176	0.4532	3
mouse_F162	0.35581	0.50127	3
mouse_F163	0.69806	0.12611	2
mouse_F164	0.38237	0.52782	3
mouse_F165	0.65718	0.11534	2
mouse_F166	0.65974	0.10766	2
mouse_F167	0.38043	0.5251	3
mouse_F168	-0.034056	0.93848	1
mouse_F169	-0.038593	1	1
mouse_F170	0.66129	0.11674	2
mouse_F171	0.056814	0.0085315	2
mouse_F172	0.65276	0.11031	2
mouse_F173	0.41094	0.48658	3
mouse_F174	0.37234	0.50203	3
mouse_F175	0.065654	0.12922	3
mouse_F176	0.65993	0.1063	2
mouse_F177	0.36166	0.51488	3
mouse_F178	0.35553	0.44846	3
mouse_F179	0.36124	0.46997	3
mouse_F180	0.69941	0.11161	2
mouse_F181	0.0069932	0.005612	-1
mouse_F182	0.68384	0.10789	2
mouse_F183	0.39156	0.54608	3
mouse_F184	0.68192	0.10792	2
mouse_F185	0.73016	0.12301	2
mouse_F186	0.42687	0.43133	3
mouse_F187	-0.03185	0.8485	1
mouse_F188	0.34583	0.48761	3
mouse_F189	0.40341	0.59659	3
mouse_F190	0.30728	0.50398	3
mouse_F191	-0.033884	0.87979	1
mouse_F192	-0.015142	0.91976	1
mouse_F193	-0.014569	0.9093	1
mouse_F194	0.3565	0.48449	3
mouse_F195	0.34579	0.48732	3
mouse_F196	0.68596	0.12371	2
mouse_F197	0.37161	0.49732	3
mouse_F198	0.73702	0.12783	2
mouse_F199	0.3749	0.50634	3
mouse_F200	0.36282	0.45092	3
mouse_F201	0.37644	0.49028	3
mouse_F202	0.28991	0.49588	3
mouse_F203	0.34428	0.5045	3
mouse_F204	0.26049	0.042717	2
mouse_F205	0.4341	0.48643	3
mouse_F206	0.67909	0.12292	2
mouse_F207	0.66596	0.12025	2
mouse_F208	0.60368	0.10402	2
mouse_F209	0.67715	0.12476	2
mouse_F210	0.66519	0.1176	2
mouse_F211	0.64594	0.1241	2
mouse_F212	0.37116	0.4582	3
mouse_F213	0.36428	0.49831	3
mouse_F214	0.3422	0.50193	3
mouse_F215	0.67564	0.12494	2
mouse_F216	-0.019834	0.86469	1
mouse_F217	-0.025325	0.94165	1
mouse_F218	0.73821	0.12437	2
mouse_F219	0.41005	0.53288	3
mouse_F220	0.0082037	0.14201	3
mouse_F221	0.73748	0.13105	2
mouse_F222	0.67203	0.10605	2
mouse_F223	0.0075261	4.9002e-005	0
mouse_F224	0.60839	0.10614	2
mouse_F225	0.39796	0.47845	3
mouse_F226	0.34233	0.45254	3
mouse_F227	0.36953	0.5174	3
mouse_F228	0.40992	0.48601	3
mouse_F229	0.76184	0.1294	2
mouse_F230	0.38656	0.42311	3
mouse_F231	0.41751	0.54082	3
mouse_F232	0.36479	0.39937	3
mouse_F233	0.39282	0.48885	3
mouse_F234	0.33454	0.42503	3
mouse_F235	0.38873	0.50626	3
mouse_F236	0.723	0.12113	2
mouse_F237	0.41196	0.53704	3
mouse_F238	0.32307	0.38672	3
mouse_F239	-0.0096004	0.85928	1
mouse_F240	0.69284	0.11863	2
mouse_F241	0.65571	0.12212	2
mouse_F242	0.29031	0.53774	3
mouse_F243	0.7016	0.13458	2
mouse_F244	0.6255	0.1084	2
mouse_F245	0.69864	0.12342	2
mouse_F246	0.71039	0.1176	2
mouse_F247	0.38836	0.5158	3
mouse_F248	-0.018697	0.88095	1
mouse_F249	0.36934	0.51433	3
mouse_F250	0.72579	0.12653	2
mouse_F251	0.73595	0.13408	2
mouse_F252	0.42042	0.51444	3
mouse_F253	0.35679	0.57782	3
mouse_F254	0.080448	0.2333	3
mouse_F255	0.74728	0.13548	2
mouse_F256	0.769	0.13379	2
mouse_F257	0.34484	0.50885	3
mouse_F258	0.30962	0.4063	3
mouse_F259	0.7101	0.12834	2
mouse_F260	-0.0051681	0.79801	1
mouse_F261	0.70245	0.12653	2
mouse_F262	0.27455	0.42353	3
mouse_F263	0.67052	0.11854	2
mouse_F264	0.68366	0.11286	2
mouse_F265	0.68021	0.12077	2
mouse_F266	0.36628	0.54275	3
mouse_F267	0.089273	0.15558	3
mouse_F268	0.70757	0.12562	2
mouse_F269	0.7223	0.13423	2
mouse_F270	0.423	0.49711	3
mouse_F271	0.0041486	0.0042863	0
mouse_F272	0.67117	0.12216	2
mouse_F273	0.39284	0.54506	3
mouse_F274	0.68984	0.12062	2
mouse_F275	0.70606	0.13036	2
mouse_F276	0.36612	0.54201	3
mouse_F277	0.41488	0.51811	3
mouse_F278	0.64018	0.10999	2
mouse_F279	0.14142	0.1044	3
mouse_F280	0.68736	0.12114	2
mouse_F281	0.42171	0.57563	3
mouse_F282	0.33887	0.43205	3
mouse_F283	0.32652	0.50016	3
mouse_F284	0.35049	0.47457	3
mouse_F285	-0.015646	0.86301	1
mouse_F286	0.63893	0.10953	2
mouse_F287	0.38383	0.46702	3
mouse_F288	0.67396	0.10687	2
mouse_F289	0.67544	0.11664	2
mouse_F290	0.32957	0.49238	3
mouse_F291	0.68414	0.1239	2
mouse_F292	0.37813	0.457	3
mouse_F293	0.00766	0.0063527	-1
mouse_F294	0.39737	0.49616	3
mouse_F295	0.38968	0.52349	3
mouse_F296	-0.016457	0.84646	1
mouse_F297	0.33361	0.5514	3
mouse_F298	0.31317	0.4844	3
mouse_F299	0.67273	0.1249	2
mouse_F300	0.36258	0.45974	3
mouse_F301	0.66113	0.12638	2
mouse_F302	0.21489	0.44027	3
mouse_F303	0.33832	0.4881	3
mouse_F304	0.35912	0.47258	3
mouse_F305	0.69329	0.12924	2
mouse_F306	0.42008	0.46104	3
mouse_F307	0.51825	0.52301	3
mouse_F308	0.003076	0.0023223	0
mouse_F309	-0.011753	0.82912	1
mouse_F310	0.68258	0.11062	2
mouse_F311	0.34869	0.52079	3
mouse_F312	0.73728	0.13126	2
mouse_F313	0.69653	0.13219	2
mouse_F314	0.40714	0.5115	3
mouse_F315	0.40077	0.53667	3
mouse_F316	0.39462	0.56431	3
mouse_F317	0.35339	0.5814	3
mouse_F318	0.68507	0.13499	2
mouse_F319	0.0051346	0.014783	0
mouse_F320	0.39562	0.49765	3
mouse_F321	0.73647	0.1459	2
mouse_F322	0.60429	0.13446	2
mouse_F323	0.39988	0.4943	3
mouse_F324	0.66336	0.12607	2
mouse_F325	0.70538	0.1341	2
mouse_F326	0.65412	0.12352	2
mouse_F327	0.36668	0.48041	3
mouse_F328	0.70384	0.13428	2
mouse_F329	0.70728	0.13317	2
mouse_F330	0.69146	0.13733	2
mouse_F331	-0.016826	0.90417	1
mouse_F332	0.39071	0.5384	3
mouse_F333	-0.013437	0.88797	1
mouse_F334	0.17019	0.040747	2
mouse_F335	-0.013654	0.86905	1
mouse_F336	0.67148	0.11546	2
mouse_F337	0.643	0.11498	2
mouse_F338	0.78707	0.13999	2
mouse_F339	0.0044816	0.013157	0
mouse_F340	0.64168	0.1243	2
mouse_F341	0.67326	0.12073	2
mouse_F342	0.57029	0.098779	2
mouse_F343	0.67676	0.11739	2
mouse_F344	0.38038	0.50213	3
mouse_F345	0.36189	0.5169	3
mouse_F346	0.41898	0.4514	3
mouse_F347	0.37368	0.49745	3
mouse_F348	0.38935	0.52444	3
mouse_F349	0.69016	0.13154	2
mouse_F350	0.35394	0.50598	3
mouse_F351	0.65921	0.12587	2
mouse_F352	0.40587	0.42808	3
mouse_F353	0.32024	0.50413	3
mouse_F354	0.37185	0.37612	3
mouse_F355	0.66458	0.12016	2
mouse_F356	0.005563	0.026873	0
mouse_F357	0.30092	0.51058	3
mouse_F358	0.66435	0.10943	2
mouse_F359	0.37742	0.48954	3
mouse_F360	0.66645	0.10986	2
mouse_F361	0.67035	0.11157	2
mouse_F362	0.78247	0.1101	2
mouse_F363	0.65449	0.11263	2
mouse_F364	0.0040767	-0.0082946	0
mouse_F365	0.38677	0.46004	3
mouse_F366	0.65409	0.11259	2
mouse_F367	0.0091887	-0.0028409	0
mouse_F368	0.66683	0.11036	2
mouse_F369	0.41315	0.52051	3
mouse_F370	0.67114	0.10511	2
mouse_F371	0.73116	0.12098	2
mouse_F372	0.39331	0.45905	3
mouse_F373	0.36192	0.51338	3
mouse_F374	0.76278	0.12026	2
mouse_F375	0.72318	0.11852	2
mouse_F376	0.73346	0.12133	2
mouse_F377	0.39871	0.48659	3
mouse_F378	0.62907	0.095172	2
mouse_F379	-0.00012115	0.84784	1
mouse_F380	0.37896	0.51387	3
mouse_F381	0.37302	0.49653	3
mouse_F382	0.36007	0.52396	3
mouse_F383	0.44613	0.58191	3
