%%% 
%%% SNP-C.txt
%%%
%%% COL1: unique individual name
%%% COL2: fluorescent value of dye 1
%%% COL3: fluorescent value of dye 2
%%% COL4: classification code [-1:unknown; 0:NTC; 1:homo1; 2:homo2; 3:hetero]
%%%
%%% (c) 2006 RIKEN GSC. All Rights Reserved. 
%%%
mouse_C001	0.00025609	0.017935	0
mouse_C002	-0.00034513	-0.0031117	0
mouse_C003	0.043247	0.19868	3
mouse_C004	0.33926	0.17809	2
mouse_C005	0.11175	0.63701	3
mouse_C006	0.37907	0.20262	2
mouse_C007	0.21634	0.11176	2
mouse_C008	0.24172	0.12422	2
mouse_C009	0.035741	0.35627	3
mouse_C010	0.20842	0.10969	2
mouse_C011	0.048375	0.29717	3
mouse_C012	0.074039	0.60354	3
mouse_C013	0.096227	0.59666	3
mouse_C014	0.075119	0.47167	3
mouse_C015	0.40268	0.24967	2
mouse_C016	0.35401	0.17908	2
mouse_C017	0.088521	0.048221	2
mouse_C018	0.044167	0.43699	3
mouse_C019	0.037153	0.16606	3
mouse_C020	0.21807	0.1077	2
mouse_C021	0.29563	0.15374	2
mouse_C022	0.10684	0.053941	2
mouse_C023	0.044096	0.036175	2
mouse_C024	0.17693	0.08764	2
mouse_C025	0.0043605	0.0022643	0
mouse_C026	-0.0048455	-0.0066866	0
mouse_C027	0.29824	0.1459	2
mouse_C028	0.098106	0.51636	3
mouse_C029	0.332	0.16681	2
mouse_C030	0.084236	0.58939	3
mouse_C031	0.19187	0.09692	2
mouse_C032	0.048104	0.3971	3
mouse_C033	0.3016	0.14844	2
mouse_C034	0.063451	0.50104	3
mouse_C035	-0.019313	0.94023	1
mouse_C036	0.087987	0.50523	3
mouse_C037	0.094875	0.55961	3
mouse_C038	0.25778	0.12063	2
mouse_C039	0.089503	0.55959	3
mouse_C040	0.061989	0.27782	3
mouse_C041	-0.018464	0.33781	1
mouse_C042	-0.019186	0.50612	1
mouse_C043	0.091774	0.45674	3
mouse_C044	-0.021728	0.66241	1
mouse_C045	-0.016611	0.52671	1
mouse_C046	0.071035	0.5277	3
mouse_C047	0.041447	0.34224	3
mouse_C048	-0.017445	0.6577	1
mouse_C049	-0.0010037	-0.00059083	0
mouse_C050	-0.00038233	-0.0058027	0
mouse_C051	-0.0095223	0.4703	1
mouse_C052	0.35059	0.17466	2
mouse_C053	0.10325	0.56844	3
mouse_C054	0.10068	0.59342	3
mouse_C055	0.085202	0.48955	3
mouse_C056	0.12442	0.58794	3
mouse_C057	0.21594	0.099437	2
mouse_C058	0.11638	0.61719	3
mouse_C059	-0.0053763	-0.0023433	-1
mouse_C060	0.083082	0.57657	3
mouse_C061	0.10361	0.51345	3
mouse_C062	0.23334	0.10582	2
mouse_C063	0.069746	0.56168	3
mouse_C064	0.10471	0.63146	3
mouse_C065	0.10285	0.048662	2
mouse_C066	0.062566	0.51554	3
mouse_C067	0.03318	0.012926	2
mouse_C068	0.17701	0.086246	2
mouse_C069	0.34014	0.16838	2
mouse_C070	0.084303	0.44038	3
mouse_C071	0.33451	0.16012	2
mouse_C072	0.10575	0.54275	3
mouse_C073	0.0040805	0.0022757	0
mouse_C074	-0.0021204	-0.0062836	0
mouse_C075	0.29866	0.15835	2
mouse_C076	0.13047	0.68453	3
mouse_C077	0.20516	0.095202	2
mouse_C078	0.0012599	0.33907	1
mouse_C079	0.32286	0.15143	2
mouse_C080	0.17677	0.080418	2
mouse_C081	0.10531	0.43481	3
mouse_C082	0.16999	0.076586	2
mouse_C083	-0.021124	0.62422	1
mouse_C084	0.043885	0.51844	3
mouse_C085	-0.024357	0.86395	1
mouse_C086	0.25752	0.11421	2
mouse_C087	-0.01961	0.68534	1
mouse_C088	-0.023591	0.665	1
mouse_C089	0.032838	0.28307	3
mouse_C090	-0.023752	0.78427	1
mouse_C091	0.095331	0.47332	3
mouse_C092	-0.021482	0.49288	1
mouse_C093	-0.019447	0.66449	1
mouse_C094	0.056539	0.49569	3
mouse_C095	0.071594	0.49332	3
mouse_C096	0.093879	0.48529	3
mouse_C097	-0.0066142	0.82822	1
mouse_C098	-0.015353	0.51127	1
mouse_C099	0.042547	0.27294	3
mouse_C100	0.34605	0.16579	2
mouse_C101	0.092153	0.54112	3
mouse_C102	0.13431	0.062273	2
mouse_C103	0.2095	0.10358	2
mouse_C104	0.084084	0.48952	3
mouse_C105	-0.0075055	-0.012404	-1
mouse_C106	0.29274	0.13331	2
mouse_C107	0.016569	0.091799	3
mouse_C108	0.094465	0.60954	3
mouse_C109	0.03653	0.32385	3
mouse_C110	-0.0042286	-0.012317	-1
mouse_C111	0.07625	0.52684	3
mouse_C112	0.11182	0.50532	3
mouse_C113	0.023782	0.26891	3
mouse_C114	0.063998	0.50655	3
mouse_C115	0.26025	0.11854	2
mouse_C116	-0.0056087	0.040932	-1
mouse_C117	0.28157	0.12399	2
mouse_C118	0.081366	0.021962	2
mouse_C119	0.057641	0.4511	3
mouse_C120	0.26474	0.11784	2
mouse_C121	0.0015469	0.80637	1
mouse_C122	0.0056487	0.81162	1
mouse_C123	0.1777	0.067002	2
mouse_C124	0.08883	0.51231	3
mouse_C125	0.40063	0.18632	2
mouse_C126	-0.0043016	0.45206	1
mouse_C127	0.14034	0.64595	3
mouse_C128	0.21167	0.090737	2
mouse_C129	0.10608	0.04529	2
mouse_C130	0.21796	0.097613	2
mouse_C131	0.11115	0.5916	3
mouse_C132	0.24723	0.11374	2
mouse_C133	0.13638	0.53554	3
mouse_C134	0.059555	0.35187	3
mouse_C135	-0.010285	0.69098	1
mouse_C136	-0.0061491	0.42261	1
mouse_C137	-0.0014885	0.30956	1
mouse_C138	-0.007597	0.66347	1
mouse_C139	-0.0024218	0.59344	1
mouse_C140	0.09491	0.47816	3
mouse_C141	-0.0057251	0.4779	1
mouse_C142	-0.0034156	0.68859	1
mouse_C143	0.0013128	0.63518	1
mouse_C144	0.15772	0.65918	3
mouse_C145	-0.0048307	0.81599	1
mouse_C146	-0.0097936	0.81703	1
mouse_C147	-0.01252	0.53371	1
mouse_C148	0.35301	0.16505	2
mouse_C149	0.019657	0.15899	3
mouse_C150	0.071602	0.47251	3
mouse_C151	0.10475	0.4785	3
mouse_C152	0.10855	0.59851	3
mouse_C153	0.1049	0.50845	3
mouse_C154	0.090922	0.56357	3
mouse_C155	0.19061	0.083108	2
mouse_C156	0.092832	0.60502	3
mouse_C157	0.25779	0.11501	2
mouse_C158	0.26285	0.12021	2
mouse_C159	0.28264	0.13859	2
mouse_C160	0.29945	0.14156	2
mouse_C161	0.078228	0.03193	2
mouse_C162	0.067768	0.54606	3
mouse_C163	0.32812	0.14957	2
mouse_C164	0.2126	0.09292	2
mouse_C165	0.30936	0.13121	2
mouse_C166	0.14617	0.065705	2
mouse_C167	0.09581	0.53037	3
mouse_C168	0.21404	0.10199	2
mouse_C169	-0.0014776	0.78726	1
mouse_C170	-0.0076316	0.81525	1
mouse_C171	0.32806	0.16493	2
mouse_C172	0.067214	0.49497	3
mouse_C173	0.1187	0.55112	3
mouse_C174	-0.020497	0.74227	1
mouse_C175	0.26677	0.12376	2
mouse_C176	0.076544	0.49602	3
mouse_C177	0.041999	0.30266	3
mouse_C178	0.078396	0.53055	3
mouse_C179	0.074688	0.54732	3
mouse_C180	0.30758	0.13595	2
mouse_C181	-0.021495	0.72533	1
mouse_C182	0.063191	0.36705	3
mouse_C183	0.0043281	0.089865	3
mouse_C184	-0.017339	0.686	1
mouse_C185	0.053754	0.19211	3
mouse_C186	0.094777	0.47654	3
mouse_C187	0.074906	0.30237	3
mouse_C188	0.0497	0.4494	3
mouse_C189	0.047363	0.28933	3
mouse_C190	-0.017726	0.71767	1
mouse_C191	0.058796	0.34153	3
mouse_C192	0.14553	0.67825	3
mouse_C193	-0.0076933	0.80467	1
mouse_C194	-0.016774	0.83274	1
mouse_C195	0.047375	0.38664	3
mouse_C196	0.059038	0.38963	3
mouse_C197	-0.011828	0.69701	1
mouse_C198	0.22461	0.10173	2
mouse_C199	0.24234	0.11592	2
mouse_C200	0.090898	0.50597	3
mouse_C201	0.06765	0.492	3
mouse_C202	0.079996	0.51404	3
mouse_C203	0.069379	0.45484	3
mouse_C204	0.083435	0.61418	3
mouse_C205	0.22267	0.099466	2
mouse_C206	0.082097	0.51157	3
mouse_C207	0.098496	0.5108	3
mouse_C208	0.31245	0.14324	2
mouse_C209	0.032435	0.25896	3
mouse_C210	0.27051	0.11928	2
mouse_C211	0.31453	0.15127	2
mouse_C212	0.052432	0.37681	3
mouse_C213	0.32754	0.14865	2
mouse_C214	-0.006374	-0.010623	-1
mouse_C215	0.21208	0.084415	2
mouse_C216	-0.0034269	-0.0012848	-1
mouse_C217	-0.0021112	0.7465	1
mouse_C218	-0.013387	0.80659	1
mouse_C219	0.17157	0.085843	2
mouse_C220	0.064544	0.42544	3
mouse_C221	0.35502	0.17004	2
mouse_C222	-0.01779	0.69615	1
mouse_C223	0.10224	0.60656	3
mouse_C224	0.26669	0.12395	2
mouse_C225	0.025079	0.24004	3
mouse_C226	0.011722	-0.0010446	2
mouse_C227	0.10404	0.60021	3
mouse_C228	0.24369	0.1062	2
mouse_C229	-0.013994	0.67681	1
mouse_C230	-0.0087828	0.5687	1
mouse_C231	0.12226	0.52521	3
mouse_C232	-0.02257	0.41601	1
mouse_C233	0.073203	0.29177	3
mouse_C234	0.1009	0.5093	3
mouse_C235	0.070282	0.46366	3
mouse_C236	0.079894	0.5003	3
mouse_C237	-0.013114	0.67432	1
mouse_C238	0.090214	0.4868	3
mouse_C239	-0.020978	0.61844	1
mouse_C240	-0.014427	0.54442	1
mouse_C241	0.18201	0.078985	2
mouse_C242	0.19087	0.082628	2
mouse_C243	-0.0052315	0.71342	1
mouse_C244	0.049895	0.43978	3
mouse_C245	0.09471	0.47004	3
mouse_C246	0.15624	0.069101	2
mouse_C247	0.072325	0.46001	3
mouse_C248	0.081294	0.49481	3
mouse_C249	0.076369	0.52159	3
mouse_C250	0.089517	0.49519	3
mouse_C251	0.2561	0.11782	2
mouse_C252	0.3423	0.14589	2
mouse_C253	0.35201	0.1627	2
mouse_C254	0.098782	0.48759	3
mouse_C255	0.29019	0.13113	2
mouse_C256	0.30788	0.14166	2
mouse_C257	0.037581	0.21324	3
mouse_C258	0.050774	0.43016	3
mouse_C259	0.2513	0.11713	2
mouse_C260	0.055012	0.45106	3
mouse_C261	0.37941	0.17802	2
mouse_C262	0.12119	0.56799	3
mouse_C263	0.11577	0.53538	3
mouse_C264	0.079834	0.41511	3
mouse_C265	0.14202	0.066857	2
mouse_C266	0.18412	0.084305	2
mouse_C267	0.098471	0.65488	3
mouse_C268	-0.013606	0.6576	1
mouse_C269	0.14238	0.611	3
mouse_C270	0.10455	0.56763	3
mouse_C271	0.25548	0.1218	2
mouse_C272	0.24852	0.11759	2
mouse_C273	-0.0012325	1	1
mouse_C274	0.2774	0.13019	2
mouse_C275	0.090543	0.52807	3
mouse_C276	0.27491	0.12639	2
mouse_C277	-0.015882	0.74399	1
mouse_C278	-0.024152	0.53023	1
mouse_C279	0.022968	0.096486	3
mouse_C280	-0.014812	0.74881	1
mouse_C281	0.049574	0.17774	3
mouse_C282	-0.015759	0.34283	1
mouse_C283	0.091928	0.52949	3
mouse_C284	-0.011488	0.69732	1
mouse_C285	0.088957	0.447	3
mouse_C286	-0.017105	0.70338	1
mouse_C287	-0.009409	0.43517	1
mouse_C288	-0.0067485	0.75247	1
mouse_C289	0.15414	0.076458	2
mouse_C290	0.17998	0.079798	2
mouse_C291	-0.013366	0.68826	1
mouse_C292	0.21035	0.10206	2
mouse_C293	0.19968	0.097808	2
mouse_C294	0.067152	0.46361	3
mouse_C295	0.1074	0.55093	3
mouse_C296	0.2715	0.12476	2
mouse_C297	0.012789	0.27624	3
mouse_C298	0.27329	0.12767	2
mouse_C299	0.05708	0.46563	3
mouse_C300	0.26419	0.12701	2
mouse_C301	0.30828	0.14761	2
mouse_C302	0.095988	0.51167	3
mouse_C303	0.060563	0.40007	3
mouse_C304	0.048554	0.021834	2
mouse_C305	0.039348	0.29012	3
mouse_C306	0.21838	0.1022	2
mouse_C307	0.29977	0.14582	2
mouse_C308	0.074833	0.42175	3
mouse_C309	0.30411	0.14234	2
mouse_C310	0.23753	0.19498	2
mouse_C311	0.33003	0.15693	2
mouse_C312	0.36142	0.176	2
mouse_C313	0.1752	0.077148	2
mouse_C314	0.17011	0.077348	2
mouse_C315	0.33297	0.17531	2
mouse_C316	0.10161	0.60543	3
mouse_C317	0.023278	0.011546	2
mouse_C318	-0.018947	0.72148	1
mouse_C319	0.078296	0.57846	3
mouse_C320	0.04086	0.019981	2
mouse_C321	0.13861	0.65757	3
mouse_C322	0.26964	0.12979	2
mouse_C323	0.091004	0.46896	3
mouse_C324	0.081431	0.57567	3
mouse_C325	-0.0053194	0.69968	1
mouse_C326	-0.014766	0.58388	1
mouse_C327	-0.0060799	0.43864	1
mouse_C328	-0.0079729	0.63785	1
mouse_C329	0.085694	0.46874	3
mouse_C330	0.22557	0.81825	3
mouse_C331	-0.0057041	0.61542	1
mouse_C332	0.10704	0.55221	3
mouse_C333	0.035095	0.22638	3
mouse_C334	-0.0064427	0.84272	1
mouse_C335	0.074409	0.37239	3
mouse_C336	0.089976	0.55897	3
mouse_C337	0.13651	0.065453	2
mouse_C338	0.16257	0.071004	2
mouse_C339	0.09948	0.54679	3
mouse_C340	0.049114	0.32988	3
mouse_C341	0.16276	0.08105	2
mouse_C342	0.22088	0.11043	2
mouse_C343	0.07551	0.44188	3
mouse_C344	0.17576	0.080934	2
mouse_C345	0.24571	0.12593	2
mouse_C346	0.079987	0.57419	3
mouse_C347	0.045882	0.42889	3
mouse_C348	0.30186	0.14199	2
mouse_C349	0.21261	0.10072	2
mouse_C350	-0.0075931	-0.0069207	-1
mouse_C351	0.16979	0.077491	2
mouse_C352	0.18705	0.090911	2
mouse_C353	0.13025	0.069135	2
mouse_C354	0.099785	0.60561	3
mouse_C355	0.28178	0.14307	2
mouse_C356	0.040159	0.3842	3
mouse_C357	0.29334	0.15201	2
mouse_C358	0.26963	0.14412	2
mouse_C359	0.22085	0.10322	2
mouse_C360	0.30214	0.15312	2
mouse_C361	0.14524	0.064039	2
mouse_C362	0.18081	0.083813	2
mouse_C363	0.30712	0.15231	2
mouse_C364	-0.015031	0.63421	1
mouse_C365	0.11083	0.55908	3
mouse_C366	-0.0028839	0.033748	-1
mouse_C367	0.068295	0.49763	3
mouse_C368	-0.0037783	0.020033	-1
mouse_C369	-0.015402	0.79832	1
mouse_C370	0.079582	0.55325	3
mouse_C371	-0.01788	0.64153	1
mouse_C372	0.092786	0.52899	3
mouse_C373	-0.018962	0.6658	1
mouse_C374	-0.020549	0.55297	1
mouse_C375	-0.012961	0.22412	1
mouse_C376	0.07347	0.51359	3
mouse_C377	0.046744	0.35623	3
mouse_C378	0.13006	0.60148	3
mouse_C379	-0.0052717	0.25687	1
mouse_C380	-0.010903	0.90598	1
mouse_C381	-0.014195	0.53228	1
mouse_C382	0.10964	0.60799	3
mouse_C383	0.039648	0.38615	3
mouse_C384	0.1053	0.57354	3
