%%% 
%%% SNP-B.txt
%%%
%%% COL1: unique individual name
%%% COL2: fluorescent value of dye 1
%%% COL3: fluorescent value of dye 2
%%% COL4: classification code [-1:unknown; 0:NTC; 1:homo1; 2:homo2; 3:hetero]
%%%
%%% (c) 2006 RIKEN GSC.  All Rights Reserved.
%%%
mouse_B001	-0.0044837	-0.0021404	0
mouse_B002	-0.0017669	-0.00113	0
mouse_B003	0.78399	0.16478	2
mouse_B004	0.77716	0.16643	2
mouse_B005	0.60836	0.46306	3
mouse_B006	0.79989	0.16774	2
mouse_B007	0.52651	0.44149	3
mouse_B008	0.54641	0.43787	3
mouse_B009	0.84347	0.18108	2
mouse_B010	0.81635	0.17261	2
mouse_B011	0.13593	0.69631	1
mouse_B012	0.61108	0.49669	3
mouse_B013	0.56223	0.49013	3
mouse_B014	0.62988	0.5317	3
mouse_B015	0.66004	0.48716	3
mouse_B016	0.86019	0.17952	2
mouse_B017	0.58859	0.49748	3
mouse_B018	0.63308	0.53839	3
mouse_B019	0.54617	0.45795	3
mouse_B020	0.62068	0.50041	3
mouse_B021	0.1548	0.732	1
mouse_B022	0.81896	0.16759	2
mouse_B023	0.54879	0.43353	3
mouse_B024	0.61333	0.46555	3
mouse_B025	-0.0035956	0.0022935	0
mouse_B026	-0.0045773	-0.0008849	0
mouse_B027	0.85994	0.18014	2
mouse_B028	0.68536	0.53049	3
mouse_B029	0.65641	0.50039	3
mouse_B030	0.63466	0.49721	3
mouse_B031	0.78404	0.16352	2
mouse_B032	0.54535	0.46343	3
mouse_B033	0.55046	0.41526	3
mouse_B034	0.63755	0.54454	3
mouse_B035	0.56606	0.41519	3
mouse_B036	0.63797	0.4784	3
mouse_B037	0.82568	0.16861	2
mouse_B038	0.89597	0.18757	2
mouse_B039	0.24669	0.24479	3
mouse_B040	0.85732	0.17398	2
mouse_B041	0.66871	0.49077	3
mouse_B042	0.61554	0.48916	3
mouse_B043	0.91031	0.18155	2
mouse_B044	0.57042	0.48537	3
mouse_B045	0.80885	0.16234	2
mouse_B046	0.58712	0.50086	3
mouse_B047	0.60905	0.54339	3
mouse_B048	0.13467	0.65266	1
mouse_B049	0.0055043	0.0041294	0
mouse_B050	-0.00088475	-0.0014485	0
mouse_B051	0.87541	0.17984	2
mouse_B052	0.58867	0.45412	3
mouse_B053	0.85	0.17439	2
mouse_B054	0.60638	0.50453	3
mouse_B055	0.62895	0.48614	3
mouse_B056	0.52373	0.41212	3
mouse_B057	0.86062	0.17333	2
mouse_B058	0.83417	0.1662	2
mouse_B059	0.15689	0.69552	1
mouse_B060	0.27818	0.21008	3
mouse_B061	0.58873	0.47623	3
mouse_B062	0.61123	0.48614	3
mouse_B063	0.61955	0.51443	3
mouse_B064	0.84696	0.16905	2
mouse_B065	0.59651	0.4974	3
mouse_B066	0.6156	0.48975	3
mouse_B067	0.78134	0.15781	2
mouse_B068	0.87891	0.17835	2
mouse_B069	0.15302	0.68282	1
mouse_B070	0.8553	0.16944	2
mouse_B071	0.83374	0.16849	2
mouse_B072	0.64212	0.51003	3
mouse_B073	0.0055461	0.0019727	0
mouse_B074	0.0042578	-0.0027917	0
mouse_B075	0.67747	0.47254	3
mouse_B076	0.83627	0.15595	2
mouse_B077	0.66991	0.5185	3
mouse_B078	0.68492	0.52844	3
mouse_B079	0.5953	0.42327	3
mouse_B080	0.65091	0.46056	3
mouse_B081	0.16851	0.13559	3
mouse_B082	0.93764	0.1833	2
mouse_B083	0.60321	0.45043	3
mouse_B084	0.95308	0.18852	2
mouse_B085	0.6206	0.46931	3
mouse_B086	0.86799	0.16661	2
mouse_B087	0.8503	0.16555	2
mouse_B088	0.89017	0.16989	2
mouse_B089	0.68529	0.50421	3
mouse_B090	0.8892	0.16542	2
mouse_B091	0.90631	0.17137	2
mouse_B092	0.68996	0.52992	3
mouse_B093	0.0019686	0.0071104	0
mouse_B094	0.14577	0.65847	1
mouse_B095	0.66937	0.51014	3
mouse_B096	0.14108	0.66132	1
mouse_B097	0.1563	0.7674	1
mouse_B098	0.17015	0.79448	1
mouse_B099	0.54901	0.45477	3
mouse_B100	0.79508	0.15112	2
mouse_B101	0.86727	0.16811	2
mouse_B102	0.63438	0.50816	3
mouse_B103	0.54345	0.42629	3
mouse_B104	0.83463	0.16004	2
mouse_B105	0.85252	0.16359	2
mouse_B106	0.61984	0.4821	3
mouse_B107	0.1335	0.66756	1
mouse_B108	0.56387	0.41387	3
mouse_B109	0.62702	0.45916	3
mouse_B110	0.61595	0.49875	3
mouse_B111	0.83339	0.16334	2
mouse_B112	0.60052	0.49924	3
mouse_B113	1	0.19499	2
mouse_B114	0.89119	0.16413	2
mouse_B115	0.84494	0.16534	2
mouse_B116	0.81004	0.15797	2
mouse_B117	0.52872	0.44694	3
mouse_B118	0.84029	0.16193	2
mouse_B119	0.63426	0.4436	3
mouse_B120	0.87327	0.16646	2
mouse_B121	0.18296	0.78371	1
mouse_B122	0.17751	0.78853	1
mouse_B123	0.64089	0.49155	3
mouse_B124	0.66435	0.53945	3
mouse_B125	0.64832	0.50512	3
mouse_B126	0.65717	0.52402	3
mouse_B127	0.56706	0.41644	3
mouse_B128	0.65134	0.51692	3
mouse_B129	0.87669	0.17313	2
mouse_B130	0.72244	0.53843	3
mouse_B131	0.44048	0.084986	2
mouse_B132	0.95588	0.1868	2
mouse_B133	0.8535	0.16485	2
mouse_B134	0.48883	0.088611	2
mouse_B135	0.86265	0.16908	2
mouse_B136	0.98486	0.19323	2
mouse_B137	0.84561	0.17166	2
mouse_B138	0.92733	0.179	2
mouse_B139	0.64646	0.51932	3
mouse_B140	0.67064	0.48168	3
mouse_B141	0.63794	0.46858	3
mouse_B142	0.1691	0.71598	1
mouse_B143	0.90476	0.17887	2
mouse_B144	0.548	0.45587	3
mouse_B145	0.18005	0.78604	1
mouse_B146	0.16644	0.76469	1
mouse_B147	0.59859	0.45641	3
mouse_B148	0.8409	0.15478	2
mouse_B149	0.86561	0.16865	2
mouse_B150	0.55536	0.42532	3
mouse_B151	0.90319	0.17913	2
mouse_B152	0.64384	0.48881	3
mouse_B153	0.93593	0.1808	2
mouse_B154	0.87819	0.16292	2
mouse_B155	0.92132	0.18088	2
mouse_B156	0.87537	0.16028	2
mouse_B157	0.89182	0.17012	2
mouse_B158	0.6916	0.50271	3
mouse_B159	0.63924	0.46606	3
mouse_B160	0.60071	0.44555	3
mouse_B161	0.63329	0.48856	3
mouse_B162	0.59513	0.47244	3
mouse_B163	0.6442	0.49906	3
mouse_B164	0.63042	0.49983	3
mouse_B165	0.64242	0.50961	3
mouse_B166	0.82273	0.15227	2
mouse_B167	0.88633	0.16656	2
mouse_B168	0.88486	0.16474	2
mouse_B169	0.17524	0.80224	1
mouse_B170	0.122	0.60569	1
mouse_B171	0.65661	0.49378	3
mouse_B172	0.072355	0.11578	-1
mouse_B173	0.87351	0.17229	2
mouse_B174	0.72298	0.54636	3
mouse_B175	0.61599	0.51969	3
mouse_B176	0.068049	0.019772	-1
mouse_B177	0.80915	0.15103	2
mouse_B178	0.86215	0.1778	2
mouse_B179	0.84865	0.17028	2
mouse_B180	0.86018	0.16234	2
mouse_B181	0.61052	0.50057	3
mouse_B182	0.19118	0.041783	-1
mouse_B183	0.62625	0.51064	3
mouse_B184	0.95536	0.18878	2
mouse_B185	0.89622	0.18003	2
mouse_B186	0.89106	0.17512	2
mouse_B187	0.61721	0.4684	3
mouse_B188	0.64611	0.55148	3
mouse_B189	0.62553	0.47144	3
mouse_B190	0.66134	0.55234	3
mouse_B191	0.83686	0.16487	2
mouse_B192	0.60729	0.48864	3
mouse_B193	0.183	0.78586	1
mouse_B194	0.16201	0.72529	1
mouse_B195	0.84714	0.1672	2
mouse_B196	0.79778	0.15751	2
mouse_B197	0.63357	0.47385	3
mouse_B198	0.59232	0.47508	3
mouse_B199	0.54963	0.42492	3
mouse_B200	0.83534	0.16403	2
mouse_B201	0.1288	0.60413	1
mouse_B202	0.8358	0.16652	2
mouse_B203	0.59285	0.48599	3
mouse_B204	0.60978	0.44455	3
mouse_B205	0.28987	0.06587	2
mouse_B206	0.85443	0.16801	2
mouse_B207	0.56272	0.44682	3
mouse_B208	0.96103	0.18831	2
mouse_B209	0.63335	0.46733	3
mouse_B210	0.65469	0.45393	3
mouse_B211	0.64945	0.45031	3
mouse_B212	0.5831	0.42149	3
mouse_B213	0.63242	0.47504	3
mouse_B214	0.90355	0.17142	2
mouse_B215	0.6261	0.49621	3
mouse_B216	0.64808	0.47665	3
mouse_B217	0.17716	0.78509	1
mouse_B218	0.17542	0.77043	1
mouse_B219	0.65003	0.48904	3
mouse_B220	0.89316	0.16616	2
mouse_B221	0.13042	0.088456	-1
mouse_B222	0.65579	0.50898	3
mouse_B223	0.87818	0.16529	2
mouse_B224	0.0042703	-0.0009511	0
mouse_B225	0.61157	0.38726	3
mouse_B226	0.88227	0.16495	2
mouse_B227	0.6571	0.4559	3
mouse_B228	0.95431	0.18298	2
mouse_B229	0.62598	0.4565	3
mouse_B230	0.64286	0.47768	3
mouse_B231	0.58487	0.43181	3
mouse_B232	0.67143	0.51958	3
mouse_B233	0.85517	0.16246	2
mouse_B234	0.9087	0.16607	2
mouse_B235	0.87425	0.16649	2
mouse_B236	0.64294	0.4556	3
mouse_B237	0.6199	0.49131	3
mouse_B238	0.60797	0.46171	3
mouse_B239	0.50992	0.37189	3
mouse_B240	0.15217	0.62606	1
mouse_B241	0.85476	0.1655	2
mouse_B242	0.87599	0.16649	2
mouse_B243	0.8535	0.17042	2
mouse_B244	0.81655	0.16108	2
mouse_B245	0.83046	0.16003	2
mouse_B246	0.88521	0.17026	2
mouse_B247	0.85588	0.16794	2
mouse_B248	0.66593	0.46821	3
mouse_B249	0.54353	0.46173	3
mouse_B250	0.61406	0.49957	3
mouse_B251	0.61576	0.49276	3
mouse_B252	0.63854	0.50509	3
mouse_B253	0.1658	0.7192	1
mouse_B254	0.92568	0.17559	2
mouse_B255	0.15246	0.059677	-1
mouse_B256	0.65612	0.53008	3
mouse_B257	0.82274	0.15765	2
mouse_B258	0.58605	0.50964	3
mouse_B259	0.66573	0.49565	3
mouse_B260	0.86275	0.16546	2
mouse_B261	0.65567	0.46	3
mouse_B262	0.90282	0.16789	2
mouse_B263	0.61634	0.46609	3
mouse_B264	0.85742	0.16241	2
mouse_B265	0.84395	0.16713	2
mouse_B266	0.87138	0.17417	2
mouse_B267	0.89194	0.17747	2
mouse_B268	0.1668	0.032895	-1
mouse_B269	0.70285	0.53764	3
mouse_B270	0.68592	0.52114	3
mouse_B271	0.60213	0.49974	3
mouse_B272	0.0025036	0.0072637	0
mouse_B273	0.84161	0.16798	2
mouse_B274	0.93868	0.1939	2
mouse_B275	0.82384	0.16516	2
mouse_B276	0.63522	0.52089	3
mouse_B277	0.90761	0.17953	2
mouse_B278	0.63807	0.48245	3
mouse_B279	0.57841	0.42272	3
mouse_B280	0.10926	0.094202	-1
mouse_B281	0.62212	0.49963	3
mouse_B282	0.90398	0.17303	2
mouse_B283	0.86468	0.16762	2
mouse_B284	0.71451	0.59001	3
mouse_B285	0.67925	0.47324	3
mouse_B286	0.66585	0.49054	3
mouse_B287	0.89279	0.17566	2
mouse_B288	0.67722	0.5109	3
mouse_B289	0.86187	0.16583	2
mouse_B290	0.84635	0.16539	2
mouse_B291	0.56802	0.45996	3
mouse_B292	0.82464	0.15796	2
mouse_B293	0.85559	0.17383	2
mouse_B294	0.0069585	0.0013404	-1
mouse_B295	0.58576	0.43498	3
mouse_B296	0.65508	0.45083	3
mouse_B297	0.64433	0.50771	3
mouse_B298	0.86045	0.17159	2
mouse_B299	0.88163	0.17678	2
mouse_B300	0.70791	0.51046	3
mouse_B301	0.57333	0.44603	3
mouse_B302	0.64439	0.53714	3
mouse_B303	0.62929	0.49039	3
mouse_B304	0.85586	0.16477	2
mouse_B305	0.56681	0.46445	3
mouse_B306	0.86897	0.16514	2
mouse_B307	0.87719	0.17268	2
mouse_B308	0.64361	0.46532	3
mouse_B309	0.0068219	0.0079657	0
mouse_B310	0.14747	0.64388	1
mouse_B311	0.77752	0.1475	2
mouse_B312	0.83926	0.16502	2
mouse_B313	0.86952	0.18492	2
mouse_B314	0.84901	0.17294	2
mouse_B315	0.86301	0.18058	2
mouse_B316	0.84477	0.19325	2
mouse_B317	0.66649	0.50972	3
mouse_B318	0.86668	0.18126	2
mouse_B319	0.80364	0.17307	2
mouse_B320	0.0074404	0.0082568	0
mouse_B321	0.66868	0.50409	3
mouse_B322	0.80546	0.16768	2
mouse_B323	0.8275	0.17532	2
mouse_B324	0.63568	0.52062	3
mouse_B325	0.64656	0.55896	3
mouse_B326	0.67644	0.51781	3
mouse_B327	0.88532	0.18381	2
mouse_B328	0.66772	0.50821	3
mouse_B329	0.63853	0.53189	3
mouse_B330	0.94271	0.18618	2
mouse_B331	0.63278	0.50413	3
mouse_B332	0.16243	0.72682	1
mouse_B333	0.92154	0.18879	2
mouse_B334	0.60888	0.47778	3
mouse_B335	0.13135	0.052076	-1
mouse_B336	0.12356	0.58933	1
mouse_B337	0.80852	0.16699	2
mouse_B338	0.84039	0.1578	2
mouse_B339	0.84269	0.17143	2
mouse_B340	0.0028227	0.0074516	0
mouse_B341	0.78722	0.16209	2
mouse_B342	0.57665	0.49577	3
mouse_B343	0.82251	0.16305	2
mouse_B344	0.84518	0.17101	2
mouse_B345	0.15657	0.73174	1
mouse_B346	0.87745	0.17701	2
mouse_B347	0.62833	0.47376	3
mouse_B348	0.65435	0.5424	3
mouse_B349	0.14233	0.65932	1
mouse_B350	0.64701	0.49558	3
mouse_B351	0.82546	0.1688	2
mouse_B352	0.89493	0.18142	2
mouse_B353	0.62246	0.41231	3
mouse_B354	0.86179	0.17351	2
mouse_B355	0.54766	0.46889	3
mouse_B356	0.63901	0.47212	3
mouse_B357	0.0095518	0.018225	0
mouse_B358	0.54102	0.38671	3
mouse_B359	0.59581	0.44884	3
mouse_B360	0.87954	0.18037	2
mouse_B361	0.85075	0.16002	2
mouse_B362	0.78518	0.14755	2
mouse_B363	0.83287	0.15977	2
mouse_B364	0.83716	0.17102	2
mouse_B365	5.286e-005	-0.00065706	0
mouse_B366	0.8593	0.1703	2
mouse_B367	0.57638	0.39442	3
mouse_B368	0.0040979	0.006267	0
mouse_B369	0.58865	0.45109	3
mouse_B370	0.61278	0.52352	3
mouse_B371	0.61255	0.49622	3
mouse_B372	0.87719	0.18002	2
mouse_B373	0.61515	0.42921	3
mouse_B374	0.83136	0.16503	2
mouse_B375	0.64995	0.53047	3
mouse_B376	0.56189	0.48049	3
mouse_B377	0.65293	0.50863	3
mouse_B378	0.58304	0.46873	3
mouse_B379	0.83723	0.15987	2
mouse_B380	0.16043	0.68161	1
mouse_B381	0.59298	0.47604	3
mouse_B382	0.16681	0.70547	1
mouse_B383	0.87143	0.16271	2
mouse_B384	0.16918	0.67697	1
