%%% 
%%% SNP-D.txt
%%%
%%% COL1: unique individual name
%%% COL2: fluorescent value of dye 1
%%% COL3: fluorescent value of dye 2
%%% COL4: classification code [-1:unknown; 0:NTC; 1:homo1; 2:homo2; 3:hetero]
%%%
%%% (c) 2006 RIKEN GSC. All Rights Reserved. 
%%%
mouse_D001	-0.003124	0.0015354	0
mouse_D002	-0.0050732	-0.00080255	0
mouse_D003	0.061299	0.052424	2
mouse_D004	0.025451	0.66958	3
mouse_D005	0.022056	0.69244	3
mouse_D006	0.029871	0.65733	3
mouse_D007	0.025507	0.66475	3
mouse_D008	0.024549	0.62543	3
mouse_D009	0.025862	0.74322	3
mouse_D010	0.034649	0.61701	3
mouse_D011	0.019652	0.95541	1
mouse_D012	0.029384	0.71022	3
mouse_D013	0.025418	0.76761	3
mouse_D014	0.070267	0.057443	2
mouse_D015	0.034384	0.71719	3
mouse_D016	0.064293	0.051391	2
mouse_D017	0.063205	0.055934	2
mouse_D018	0.028464	0.73723	3
mouse_D019	0.061357	0.050717	2
mouse_D020	0.062379	0.051468	2
mouse_D021	0.024068	0.95495	1
mouse_D022	0.030967	0.68189	3
mouse_D023	0.059278	0.048932	2
mouse_D024	0.034757	0.66979	3
mouse_D025	0.0016926	0.00074423	0
mouse_D026	-0.0064865	-0.003007	0
mouse_D027	0.065315	0.064064	2
mouse_D028	0.036599	0.76488	3
mouse_D029	0.024568	0.69116	3
mouse_D030	0.032653	0.70358	3
mouse_D031	0.028631	0.60105	3
mouse_D032	0.058036	0.049184	2
mouse_D033	0.028001	0.64413	3
mouse_D034	0.067657	0.064231	2
mouse_D035	0.059954	0.060021	2
mouse_D036	0.032188	0.72936	3
mouse_D037	0.035194	0.6579	3
mouse_D038	0.034511	0.70295	3
mouse_D039	0.034612	0.029695	2
mouse_D040	0.064955	0.059123	2
mouse_D041	0.030864	0.74732	3
mouse_D042	0.025137	0.74174	3
mouse_D043	0.056327	0.03479	2
mouse_D044	0.06431	0.055595	2
mouse_D045	0.064067	0.057782	2
mouse_D046	0.024608	0.89132	1
mouse_D047	0.064667	0.060198	2
mouse_D048	0.01892	0.87907	1
mouse_D049	0.0023244	0.00015455	0
mouse_D050	0.0029588	0.0010909	0
mouse_D051	0.043412	0.65683	3
mouse_D052	0.069216	0.052374	2
mouse_D053	0.042097	0.72444	3
mouse_D054	0.041958	0.6881	3
mouse_D055	0.044157	0.76383	3
mouse_D056	0.062594	0.042977	2
mouse_D057	0.072097	0.056564	2
mouse_D058	0.071916	0.058931	2
mouse_D059	0.043932	0.72458	3
mouse_D060	0.024438	0.42541	3
mouse_D061	0.044569	0.69423	3
mouse_D062	0.067992	0.059351	2
mouse_D063	0.076677	0.058898	2
mouse_D064	0.044579	0.68406	3
mouse_D065	0.069613	0.055166	2
mouse_D066	0.050186	0.68184	3
mouse_D067	0.06822	0.047974	2
mouse_D068	0.067085	0.054155	2
mouse_D069	0.03552	0.91336	1
mouse_D070	0.063984	0.055969	2
mouse_D071	0.047366	0.65651	3
mouse_D072	0.046016	0.63446	3
mouse_D073	0.0051795	-0.0011453	0
mouse_D074	0.0025285	0.0014298	0
mouse_D075	0.03075	0.71739	3
mouse_D076	0.032292	0.72719	3
mouse_D077	0.040333	0.7398	3
mouse_D078	0.074581	0.06176	2
mouse_D079	0.032942	0.64577	3
mouse_D080	0.025019	0.67894	3
mouse_D081	0.027181	0.33427	3
mouse_D082	0.034517	0.7303	3
mouse_D083	0.032753	0.68596	3
mouse_D084	0.032993	0.75338	3
mouse_D085	0.067846	0.055092	2
mouse_D086	0.067307	0.055643	2
mouse_D087	0.030862	0.72678	3
mouse_D088	0.069481	0.055338	2
mouse_D089	0.069405	0.059845	2
mouse_D090	0.064914	0.05711	2
mouse_D091	0.046871	0.68892	3
mouse_D092	0.070791	0.055574	2
mouse_D093	-0.0048432	0.0065918	0
mouse_D094	0.031433	0.87503	1
mouse_D095	0.042252	0.71108	3
mouse_D096	0.038147	0.67319	3
mouse_D097	0.013648	0.97586	1
mouse_D098	0.022551	0.99616	1
mouse_D099	0.058346	0.054453	2
mouse_D100	0.052116	0.044064	2
mouse_D101	0.068447	0.052791	2
mouse_D102	0.022736	0.71504	3
mouse_D103	0.057789	0.055229	2
mouse_D104	0.063186	0.051404	2
mouse_D105	0.012553	0.69048	3
mouse_D106	0.021962	0.71638	3
mouse_D107	0.024248	0.7174	3
mouse_D108	0.05118	0.043245	2
mouse_D109	0.024135	0.65514	3
mouse_D110	0.024046	0.64568	3
mouse_D111	0.011853	0.69921	3
mouse_D112	0.028226	0.67242	3
mouse_D113	0.023843	0.78837	3
mouse_D114	0.059601	0.046576	2
mouse_D115	0.059881	0.054158	2
mouse_D116	0.018945	0.67522	3
mouse_D117	0.020775	0.61759	3
mouse_D118	0.058857	0.051135	2
mouse_D119	0.058129	0.053719	2
mouse_D120	0.022122	0.60904	3
mouse_D121	0.03578	0.97227	1
mouse_D122	0.030311	0.98469	1
mouse_D123	0.041467	0.69968	3
mouse_D124	0.087378	0.05686	2
mouse_D125	0.075101	0.05257	2
mouse_D126	0.077358	0.054278	2
mouse_D127	0.042738	0.63643	3
mouse_D128	0.04307	0.65375	3
mouse_D129	0.038677	0.68423	3
mouse_D130	0.05127	0.75509	3
mouse_D131	0.050784	0.025856	2
mouse_D132	0.077925	0.060724	2
mouse_D133	0.06727	0.051894	2
mouse_D134	0.030739	0.47844	3
mouse_D135	0.065733	0.055173	2
mouse_D136	0.082288	0.061623	2
mouse_D137	0.044655	0.65548	3
mouse_D138	0.074494	0.055631	2
mouse_D139	0.042847	0.69737	3
mouse_D140	0.042268	0.70509	3
mouse_D141	0.051466	0.67645	3
mouse_D142	0.035397	0.92579	1
mouse_D143	0.04401	0.68851	3
mouse_D144	0.032616	0.85227	1
mouse_D145	0.029141	0.96726	1
mouse_D146	0.029075	0.98826	1
mouse_D147	0.036135	0.64496	3
mouse_D148	0.036938	0.65117	3
mouse_D149	0.035152	0.66637	3
mouse_D150	0.067224	0.051209	2
mouse_D151	0.073139	0.053083	2
mouse_D152	0.034825	0.70948	3
mouse_D153	0.044375	0.73655	3
mouse_D154	0.037439	0.7202	3
mouse_D155	0.068033	0.051015	2
mouse_D156	0.037225	0.68721	3
mouse_D157	0.039635	0.72628	3
mouse_D158	0.038944	0.75	3
mouse_D159	0.066851	0.049154	2
mouse_D160	0.044082	0.64953	3
mouse_D161	0.069039	0.051409	2
mouse_D162	0.06347	0.046269	2
mouse_D163	0.036746	0.71739	3
mouse_D164	0.070097	0.0579	2
mouse_D165	0.039452	0.93283	1
mouse_D166	0.066654	0.054088	2
mouse_D167	0.033115	0.70774	3
mouse_D168	0.072244	0.058757	2
mouse_D169	0.023127	0.98334	1
mouse_D170	0.026081	1	1
mouse_D171	0.06555	0.053945	2
mouse_D172	0.010581	0.011159	-1
mouse_D173	0.062218	0.052446	2
mouse_D174	0.030827	0.73502	3
mouse_D175	0.063613	0.05333	2
mouse_D176	0.0088199	0.29117	3
mouse_D177	0.058785	0.050972	2
mouse_D178	0.063839	0.054549	2
mouse_D179	0.031154	0.70276	3
mouse_D180	0.020668	0.72802	3
mouse_D181	0.029801	0.70749	3
mouse_D182	0.0065267	0.23451	3
mouse_D183	0.029071	0.69087	3
mouse_D184	0.025787	0.72485	3
mouse_D185	0.025681	0.70505	3
mouse_D186	0.060242	0.046592	2
mouse_D187	0.062414	0.063237	2
mouse_D188	0.032775	0.70739	3
mouse_D189	0.064391	0.054495	2
mouse_D190	0.015863	0.97857	1
mouse_D191	0.028434	0.6764	3
mouse_D192	0.026094	0.90921	1
mouse_D193	0.029768	0.97543	1
mouse_D194	0.031808	0.93855	1
mouse_D195	0.060578	0.051837	2
mouse_D196	0.062902	0.0499	2
mouse_D197	0.06632	0.048028	2
mouse_D198	0.031713	0.6694	3
mouse_D199	0.039415	0.65314	3
mouse_D200	0.065538	0.049142	2
mouse_D201	0.029886	0.59436	3
mouse_D202	0.031215	0.69691	3
mouse_D203	0.066728	0.054758	2
mouse_D204	0.060946	0.054653	2
mouse_D205	0.022563	0.015487	2
mouse_D206	0.030833	0.68051	3
mouse_D207	0.031499	0.68	3
mouse_D208	0.069578	0.054767	2
mouse_D209	0.060128	0.053037	2
mouse_D210	0.060741	0.050163	2
mouse_D211	0.034351	0.67229	3
mouse_D212	0.061202	0.056387	2
mouse_D213	0.037946	0.71118	3
mouse_D214	0.0379	0.69797	3
mouse_D215	0.042446	0.64634	3
mouse_D216	0.064562	0.059217	2
mouse_D217	0.039238	0.93838	1
mouse_D218	0.045247	0.98298	1
mouse_D219	0.070309	0.048836	2
mouse_D220	0.041511	0.75107	3
mouse_D221	0.010264	0.25987	3
mouse_D222	0.070282	0.055945	2
mouse_D223	0.067684	0.053276	2
mouse_D224	0.0047628	-0.0058524	0
mouse_D225	0.066893	0.044943	2
mouse_D226	0.068439	0.046581	2
mouse_D227	0.042114	0.66016	3
mouse_D228	0.048059	0.73376	3
mouse_D229	0.038975	0.73101	3
mouse_D230	0.048381	0.69327	3
mouse_D231	0.06316	0.04716	2
mouse_D232	0.038012	0.72321	3
mouse_D233	0.070266	0.044114	2
mouse_D234	0.068536	0.045961	2
mouse_D235	0.061867	0.046821	2
mouse_D236	0.036096	0.62421	3
mouse_D237	0.07081	0.053554	2
mouse_D238	0.045795	0.69403	3
mouse_D239	0.054903	0.040476	2
mouse_D240	0.041854	0.68332	3
mouse_D241	0.069762	0.046435	2
mouse_D242	0.066469	0.058373	2
mouse_D243	0.068957	0.046861	2
mouse_D244	0.045354	0.65235	3
mouse_D245	0.033359	0.037549	2
mouse_D246	0.071563	0.047554	2
mouse_D247	0.043132	0.68429	3
mouse_D248	0.044435	0.711	3
mouse_D249	0.041563	0.6757	3
mouse_D250	0.071797	0.051778	2
mouse_D251	0.042406	0.68687	3
mouse_D252	0.073222	0.053722	2
mouse_D253	0.036512	0.97032	1
mouse_D254	0.044724	0.71495	3
mouse_D255	0.016954	0.004316	2
mouse_D256	0.04601	0.70436	3
mouse_D257	0.066499	0.046559	2
mouse_D258	0.069589	0.049057	2
mouse_D259	0.04304	0.65156	3
mouse_D260	0.041169	0.70817	3
mouse_D261	0.038184	0.87213	1
mouse_D262	0.046114	0.71563	3
mouse_D263	0.070493	0.046322	2
mouse_D264	0.069171	0.052162	2
mouse_D265	0.060157	0.055472	2
mouse_D266	0.069212	0.06135	2
mouse_D267	0.068991	0.058535	2
mouse_D268	0.025059	0.014287	2
mouse_D269	0.074301	0.060556	2
mouse_D270	0.03464	0.72906	3
mouse_D271	0.066938	0.060813	2
mouse_D272	-0.0017211	0.0053237	0
mouse_D273	0.063778	0.05666	2
mouse_D274	0.071949	0.062186	2
mouse_D275	0.045731	0.67399	3
mouse_D276	0.072413	0.062048	2
mouse_D277	0.033848	0.74772	3
mouse_D278	0.033782	0.73048	3
mouse_D279	0.036206	0.68427	3
mouse_D280	0.020581	0.011845	2
mouse_D281	0.068202	0.053854	2
mouse_D282	0.07184	0.057229	2
mouse_D283	0.065609	0.060816	2
mouse_D284	0.041162	0.78017	3
mouse_D285	0.068214	0.052205	2
mouse_D286	0.04331	0.7085	3
mouse_D287	0.0478	0.68398	3
mouse_D288	0.031335	0.91327	1
mouse_D289	0.065744	0.047974	2
mouse_D290	0.062406	0.048359	2
mouse_D291	0.063489	0.046086	2
mouse_D292	0.042484	0.65924	3
mouse_D293	0.0444	0.69819	3
mouse_D294	0.0037649	0.0024763	-1
mouse_D295	0.039132	0.70578	3
mouse_D296	0.064351	0.058422	2
mouse_D297	0.035041	0.75127	3
mouse_D298	0.04035	0.67248	3
mouse_D299	0.040237	0.72293	3
mouse_D300	0.044326	0.67963	3
mouse_D301	0.035254	0.89794	1
mouse_D302	0.10591	0.052267	2
mouse_D303	0.068037	0.049129	2
mouse_D304	0.063595	0.049707	2
mouse_D305	0.061459	0.045774	2
mouse_D306	0.061176	0.05124	2
mouse_D307	0.0402	0.71661	3
mouse_D308	0.042662	0.68879	3
mouse_D309	0.0064852	-0.0051143	0
mouse_D310	0.041584	0.85029	1
mouse_D311	0.061715	0.044998	2
mouse_D312	0.067839	0.052312	2
mouse_D313	0.064073	0.05367	2
mouse_D314	0.064934	0.058738	2
mouse_D315	0.046355	0.70818	3
mouse_D316	0.01642	0.75908	3
mouse_D317	0.073626	0.063116	2
mouse_D318	0.069028	0.063647	2
mouse_D319	0.068333	0.064654	2
mouse_D320	0.006885	0.0087211	0
mouse_D321	0.05248	0.71024	3
mouse_D322	0.042841	0.70999	3
mouse_D323	0.068973	0.062273	2
mouse_D324	0.069851	0.064893	2
mouse_D325	0.047769	0.75163	3
mouse_D326	0.048377	0.74893	3
mouse_D327	0.048765	0.70666	3
mouse_D328	0.072695	0.062326	2
mouse_D329	0.038283	0.7447	3
mouse_D330	0.075571	0.066075	2
mouse_D331	0.067563	0.066611	2
mouse_D332	0.052553	0.7116	3
mouse_D333	0.067366	0.064916	2
mouse_D334	0.047684	0.6573	3
mouse_D335	0.013415	0.22549	3
mouse_D336	0.040317	0.64156	3
mouse_D337	0.065203	0.045753	2
mouse_D338	0.069692	0.055614	2
mouse_D339	0.066896	0.057579	2
mouse_D340	0.0051192	0.0041624	0
mouse_D341	0.062944	0.051997	2
mouse_D342	0.043089	0.62027	3
mouse_D343	0.070561	0.056564	2
mouse_D344	0.04069	0.69075	3
mouse_D345	0.040847	0.97273	1
mouse_D346	0.043511	0.73941	3
mouse_D347	0.047427	0.68938	3
mouse_D348	0.049395	0.70747	3
mouse_D349	0.042948	0.88141	1
mouse_D350	0.049019	0.71053	3
mouse_D351	0.068836	0.051328	2
mouse_D352	0.046401	0.71845	3
mouse_D353	0.064361	0.052689	2
mouse_D354	0.072463	0.058871	2
mouse_D355	0.042281	0.62596	3
mouse_D356	0.078644	0.056799	2
mouse_D357	0.0033411	0.0055096	0
mouse_D358	0.047555	0.60274	3
mouse_D359	0.065826	0.052615	2
mouse_D360	0.069126	0.066122	2
mouse_D361	0.058734	0.041181	2
mouse_D362	0.067922	0.045229	2
mouse_D363	0.059273	0.042962	2
mouse_D364	0.070002	0.047653	2
mouse_D365	0.001471	-0.0022489	0
mouse_D366	0.06995	0.052724	2
mouse_D367	0.061046	0.040399	2
mouse_D368	0.0028927	0.0024064	0
mouse_D369	0.06502	0.046094	2
mouse_D370	0.074722	0.056088	2
mouse_D371	0.066458	0.045868	2
mouse_D372	0.059952	0.7196	3
mouse_D373	0.051434	0.62796	3
mouse_D374	0.0555	0.6832	3
mouse_D375	0.060646	0.70014	3
mouse_D376	0.068188	0.05655	2
mouse_D377	0.050525	0.58297	3
mouse_D378	0.056199	0.65756	3
mouse_D379	0.049767	0.59944	3
mouse_D380	0.055935	0.86603	1
mouse_D381	0.064501	0.039797	2
mouse_D382	0.061248	0.68583	3
mouse_D383	0.064045	0.045579	2
mouse_D384	0.062986	0.64471	3
