%%% 
%%% SNP-A.txt
%%%
%%% COL1: unique individual name
%%% COL2: fluorescent value of dye 1
%%% COL3: fluorescent value of dye 2
%%% COL4: classification code [-1:unknown; 0:NTC; 1:homo1; 2:homo2; 3:hetero]
%%% 
%%% (c) 2006 RIKEN GSC. All Rights Reserved. 
%%%
mouse_A001	-0.0020677	0.0153	0
mouse_A002	-0.023711	-0.012033	0
mouse_A003	0.22931	0.23983	3
mouse_A004	0.58324	0.079026	2
mouse_A005	-0.01679	0.66651	1
mouse_A006	0.34749	0.4725	3
mouse_A007	0.57043	0.086183	2
mouse_A008	0.33109	0.43781	3
mouse_A009	0.20848	0.32409	3
mouse_A010	0.34506	0.3525	3
mouse_A011	0.26776	0.036732	2
mouse_A012	0.58665	0.070704	2
mouse_A013	0.56275	0.088755	2
mouse_A014	0.27734	0.35743	3
mouse_A015	0.27982	0.40158	3
mouse_A016	0.31525	0.43171	3
mouse_A017	0.20864	0.30548	3
mouse_A018	0.30214	0.030557	2
mouse_A019	0.29627	0.05451	2
mouse_A020	0.54034	0.064628	2
mouse_A021	0.54776	0.085863	2
mouse_A022	0.41604	0.049768	2
mouse_A023	0.11249	0.14781	3
mouse_A024	0.31987	0.036052	2
mouse_A025	0.00028171	0.0015526	0
mouse_A026	-0.013285	-0.00030247	0
mouse_A027	0.31391	0.36763	3
mouse_A028	-0.0059469	0.5812	1
mouse_A029	0.60393	0.088932	2
mouse_A030	-0.006618	0.74992	1
mouse_A031	0.51435	0.073287	2
mouse_A032	0.52966	0.081535	2
mouse_A033	0.63271	0.083621	2
mouse_A034	0.50616	0.063581	2
mouse_A035	0.44454	0.55048	3
mouse_A036	0.58104	0.079464	2
mouse_A037	0.36879	0.44515	3
mouse_A038	0.30485	0.35609	3
mouse_A039	-0.032728	0.6507	1
mouse_A040	0.2179	0.33535	3
mouse_A041	0.20454	0.28828	3
mouse_A042	0.31448	0.37691	3
mouse_A043	-0.012982	0.60345	1
mouse_A044	-0.0026499	0.67232	1
mouse_A045	-0.02471	0.66572	1
mouse_A046	0.31937	0.33575	3
mouse_A047	-0.018396	0.58449	1
mouse_A048	-0.0071152	0.60837	1
mouse_A049	0.008002	0.0072595	0
mouse_A050	0.0096148	-0.0016447	0
mouse_A051	0.0056037	0.41454	1
mouse_A052	0.64622	0.089631	2
mouse_A053	0.0049434	0.63443	1
mouse_A054	0.7432	0.104	2
mouse_A055	0.30273	0.35589	3
mouse_A056	0.40642	0.46324	3
mouse_A057	0.33408	0.37095	3
mouse_A058	0.3617	0.40503	3
mouse_A059	0.010523	-0.0079768	-1
mouse_A060	0.3336	0.42104	3
mouse_A061	0.54092	0.064103	2
mouse_A062	0.57609	0.07165	2
mouse_A063	0.27328	0.31458	3
mouse_A064	0.64534	0.08714	2
mouse_A065	0.41442	0.056315	2
mouse_A066	0.52592	0.064315	2
mouse_A067	0.44602	0.051977	2
mouse_A068	0.31192	0.37538	3
mouse_A069	0.58106	0.078028	2
mouse_A070	0.31297	0.31757	3
mouse_A071	0.3601	0.37851	3
mouse_A072	0.52991	0.070334	2
mouse_A073	0.0081495	-0.00045681	0
mouse_A074	0.013016	-0.0096756	0
mouse_A075	0.28396	0.36869	3
mouse_A076	-0.0027603	0.79573	1
mouse_A077	0.53223	0.070487	2
mouse_A078	0.0050342	0.40098	1
mouse_A079	0.40767	0.44512	3
mouse_A080	0.43772	0.049043	2
mouse_A081	0.60018	0.067087	2
mouse_A082	0.43931	0.041695	2
mouse_A083	0.3086	0.37592	3
mouse_A084	0.28325	0.30414	3
mouse_A085	0.46511	0.51864	3
mouse_A086	0.57904	0.067269	2
mouse_A087	0.019088	0.62841	1
mouse_A088	-0.0014679	0.63535	1
mouse_A089	-0.0019983	0.49135	1
mouse_A090	0.43446	0.42433	3
mouse_A091	0.25199	0.31136	3
mouse_A092	-0.0004656	0.52924	1
mouse_A093	0.41148	0.36607	3
mouse_A094	0.34571	0.38336	3
mouse_A095	0.3072	0.33167	3
mouse_A096	-0.0025053	0.57451	1
mouse_A097	0.0085656	0.71722	1
mouse_A098	-0.0025512	0.69773	1
mouse_A099	0.0098229	0.44678	1
mouse_A100	0.60001	0.070661	2
mouse_A101	0.012345	0.60082	1
mouse_A102	0.48603	0.050562	2
mouse_A103	0.31028	0.33086	3
mouse_A104	0.66675	0.068354	2
mouse_A105	0.014844	-0.0098055	-1
mouse_A106	0.59488	0.059441	2
mouse_A107	0.062261	0.12084	3
mouse_A108	0.64794	0.072407	2
mouse_A109	0.2051	0.015608	2
mouse_A110	0.017309	0.024153	-1
mouse_A111	0.55946	0.050718	2
mouse_A112	0.32626	0.37708	3
mouse_A113	0.44104	0.038561	2
mouse_A114	0.60018	0.068776	2
mouse_A115	0.61435	0.076508	2
mouse_A116	0.28284	0.29791	3
mouse_A117	0.61341	0.060683	2
mouse_A118	0.43985	0.044185	2
mouse_A119	0.61921	0.073115	2
mouse_A120	0.25642	0.31201	3
mouse_A121	0.026832	0.70276	1
mouse_A122	0.017166	0.74546	1
mouse_A123	0.62674	0.069577	2
mouse_A124	0.37313	0.38367	3
mouse_A125	0.69584	0.071748	2
mouse_A126	0.25988	0.28064	3
mouse_A127	0.43752	0.43949	3
mouse_A128	0.30882	0.31725	3
mouse_A129	0.19241	0.17313	3
mouse_A130	0.32781	0.30159	3
mouse_A131	0.020189	0.71969	1
mouse_A132	0.33019	0.31233	3
mouse_A133	0.029043	0.66603	1
mouse_A134	0.037071	0.47404	1
mouse_A135	0.36414	0.34173	3
mouse_A136	0.021802	0.53335	1
mouse_A137	0.25418	0.22755	3
mouse_A138	0.022912	0.66711	1
mouse_A139	0.32875	0.33517	3
mouse_A140	0.36388	0.31392	3
mouse_A141	0.37733	0.36601	3
mouse_A142	0.35326	0.3191	3
mouse_A143	0.4043	0.37965	3
mouse_A144	0.020618	0.77577	1
mouse_A145	0.011051	0.70533	1
mouse_A146	0.0051485	0.7404	1
mouse_A147	0.023304	-0.010306	-1
mouse_A148	0.67071	0.079222	2
mouse_A149	0.086898	0.21938	3
mouse_A150	0.38995	0.38383	3
mouse_A151	0.33462	0.33514	3
mouse_A152	0.41781	0.42691	3
mouse_A153	0.61405	0.066624	2
mouse_A154	0.40138	0.36454	3
mouse_A155	0.33405	0.33127	3
mouse_A156	0.67174	0.067888	2
mouse_A157	0.55902	0.053655	2
mouse_A158	0.56	0.047256	2
mouse_A159	0.54058	0.054894	2
mouse_A160	0.6042	0.06871	2
mouse_A161	0.43511	0.04861	2
mouse_A162	0.32696	0.3556	3
mouse_A163	0.60172	0.070467	2
mouse_A164	0.31385	0.30361	3
mouse_A165	0.66307	0.072463	2
mouse_A166	0.53528	0.04746	2
mouse_A167	0.5918	0.062551	2
mouse_A168	0.2996	0.31275	3
mouse_A169	-0.0082484	0.71598	1
mouse_A170	-0.016488	0.74256	1
mouse_A171	0.32961	0.34639	3
mouse_A172	-0.0015529	0.64881	1
mouse_A173	0.36476	0.38597	3
mouse_A174	0.43555	0.46108	3
mouse_A175	0.55291	0.064501	2
mouse_A176	0.57673	0.066771	2
mouse_A177	0.17466	0.21107	3
mouse_A178	0.60782	0.068077	2
mouse_A179	0.28113	0.40931	3
mouse_A180	0.60226	0.060963	2
mouse_A181	0.34911	0.37046	3
mouse_A182	0.27565	0.2329	3
mouse_A183	0.33625	0.37581	3
mouse_A184	0.30895	0.366	3
mouse_A185	0.27713	0.24751	3
mouse_A186	0.32746	0.36089	3
mouse_A187	-0.0008925	0.50706	1
mouse_A188	0.28412	0.28617	3
mouse_A189	0.32025	0.41497	3
mouse_A190	-0.0016183	0.70508	1
mouse_A191	0.014495	0.50271	1
mouse_A192	0.39711	0.39588	3
mouse_A193	0.0021632	0.7477	1
mouse_A194	-0.00044607	0.74524	1
mouse_A195	0.27742	0.25569	3
mouse_A196	0.51886	0.057737	2
mouse_A197	0.35778	0.36312	3
mouse_A198	0.59512	0.062025	2
mouse_A199	0.54865	0.071801	2
mouse_A200	0.64118	0.076242	2
mouse_A201	0.31564	0.35095	3
mouse_A202	0.58974	0.056537	2
mouse_A203	0.60461	0.071737	2
mouse_A204	0.37367	0.43032	3
mouse_A205	0.5426	0.053506	2
mouse_A206	0.33183	0.3972	3
mouse_A207	0.30955	0.38513	3
mouse_A208	0.64115	0.072516	2
mouse_A209	0.4057	0.037441	2
mouse_A210	0.36829	0.40007	3
mouse_A211	0.6581	0.079524	2
mouse_A212	0.51803	0.069533	2
mouse_A213	0.68293	0.073117	2
mouse_A214	-0.00092767	-0.00050663	-1
mouse_A215	0.66507	0.070343	2
mouse_A216	0.074307	-0.012274	2
mouse_A217	0.010284	0.72545	1
mouse_A218	-0.0032751	0.74695	1
mouse_A219	0.4482	0.051425	2
mouse_A220	-0.00345	0.52396	1
mouse_A221	0.64176	0.068995	2
mouse_A222	-0.001972	0.6971	1
mouse_A223	0.39892	0.44464	3
mouse_A224	0.61884	0.062854	2
mouse_A225	0.16619	0.09192	3
mouse_A226	0.13156	-0.00027804	2
mouse_A227	0.0077157	0.74583	1
mouse_A228	0.59558	0.062198	2
mouse_A229	0.34865	0.39422	3
mouse_A230	0.33704	0.34262	3
mouse_A231	0.016425	0.67551	1
mouse_A232	0.39551	0.38536	3
mouse_A233	-0.004883	0.44552	1
mouse_A234	0.3287	0.40364	3
mouse_A235	-0.0016408	0.5877	1
mouse_A236	-0.0025727	0.63971	1
mouse_A237	0.34658	0.37892	3
mouse_A238	0.32337	0.36393	3
mouse_A239	0.00021919	0.52827	1
mouse_A240	0.27594	0.31	3
mouse_A241	0.46312	0.064495	2
mouse_A242	0.46689	0.050014	2
mouse_A243	0.016256	0.60833	1
mouse_A244	0.26371	0.31558	3
mouse_A245	0.36269	0.35479	3
mouse_A246	0.27518	0.36645	3
mouse_A247	0.32636	0.32472	3
mouse_A248	0.59391	0.061687	2
mouse_A249	0.54122	0.06439	2
mouse_A250	0.31557	0.34306	3
mouse_A251	0.35999	0.32516	3
mouse_A252	0.66575	0.069159	2
mouse_A253	0.6257	0.073076	2
mouse_A254	0.65733	0.065642	2
mouse_A255	0.35581	0.37639	3
mouse_A256	0.6597	0.07389	2
mouse_A257	0.18231	0.23632	3
mouse_A258	0.28161	0.27368	3
mouse_A259	0.60782	0.075614	2
mouse_A260	0.56702	0.054446	2
mouse_A261	0.7392	0.088545	2
mouse_A262	0.60954	0.060488	2
mouse_A263	0.63846	0.058377	2
mouse_A264	0.25594	0.26128	3
mouse_A265	0.40402	0.046906	2
mouse_A266	0.43957	0.043122	2
mouse_A267	0.64236	0.081359	2
mouse_A268	0.36848	0.43772	3
mouse_A269	0.6844	0.08564	2
mouse_A270	0.34813	0.39494	3
mouse_A271	0.53932	0.069475	2
mouse_A272	0.59725	0.072941	2
mouse_A273	0.53811	0.6122	3
mouse_A274	0.35098	0.37442	3
mouse_A275	0.36578	0.38951	3
mouse_A276	0.33783	0.346	3
mouse_A277	0.31604	0.40033	3
mouse_A278	0.0078916	0.42596	1
mouse_A279	0.26809	0.19371	3
mouse_A280	0.38372	0.44681	3
mouse_A281	0.0061488	0.53365	1
mouse_A282	-0.0033191	0.42279	1
mouse_A283	-0.0031872	0.62899	1
mouse_A284	0.0015311	0.71224	1
mouse_A285	0.30284	0.37738	3
mouse_A286	0.35774	0.42566	3
mouse_A287	0.0053693	0.57116	1
mouse_A288	0.007495	0.72253	1
mouse_A289	0.24938	0.049214	2
mouse_A290	0.37945	0.044374	2
mouse_A291	-0.0040586	0.58664	1
mouse_A292	0.29646	0.35533	3
mouse_A293	0.232	0.29711	3
mouse_A294	0.27561	0.34174	3
mouse_A295	0.32452	0.32825	3
mouse_A296	0.30365	0.36717	3
mouse_A297	0.27242	0.035909	2
mouse_A298	0.50515	0.038826	2
mouse_A299	0.50658	0.057288	2
mouse_A300	0.40651	0.41042	3
mouse_A301	0.31793	0.39429	3
mouse_A302	0.59751	0.058039	2
mouse_A303	0.2865	0.29808	3
mouse_A304	0.39208	0.037249	2
mouse_A305	0.11199	0.20527	3
mouse_A306	0.58328	0.062779	2
mouse_A307	0.34098	0.3943	3
mouse_A308	0.53182	0.057107	2
mouse_A309	0.5816	0.076703	2
mouse_A310	0.55811	0.10049	2
mouse_A311	0.52227	0.046498	2
mouse_A312	0.5453	0.052442	2
mouse_A313	0.42871	0.061323	2
mouse_A314	0.41495	0.053327	2
mouse_A315	0.59834	0.095727	2
mouse_A316	0.012671	0.82096	1
mouse_A317	0.021844	0.039386	-1
mouse_A318	-0.00060627	0.71758	1
mouse_A319	0.39733	0.46369	3
mouse_A320	0.085633	0.12476	3
mouse_A321	0.0062348	0.86642	1
mouse_A322	0.6015	0.07548	2
mouse_A323	0.26786	0.3539	3
mouse_A324	0.31117	0.38109	3
mouse_A325	-0.0011738	0.61204	1
mouse_A326	0.0079385	0.63269	1
mouse_A327	-0.00073327	0.39416	1
mouse_A328	-0.0077473	0.61474	1
mouse_A329	0.32189	0.34445	3
mouse_A330	0.0030726	1	1
mouse_A331	0.00072716	0.75255	1
mouse_A332	0.39016	0.41853	3
mouse_A333	0.011828	0.51156	1
mouse_A334	0.42826	0.45739	3
mouse_A335	0.3507	0.40025	3
mouse_A336	0.29645	0.37361	3
mouse_A337	0.40506	0.053132	2
mouse_A338	0.38655	-0.001549	2
mouse_A339	0.0037496	0.64056	1
mouse_A340	0.27702	0.32386	3
mouse_A341	0.43511	0.06271	2
mouse_A342	0.33374	0.40419	3
mouse_A343	0.55474	0.054863	2
mouse_A344	0.28713	0.37264	3
mouse_A345	0.58984	0.082631	2
mouse_A346	0.30217	0.41322	3
mouse_A347	0.30841	0.21677	3
mouse_A348	0.35061	0.42075	3
mouse_A349	0.31627	0.33724	3
mouse_A350	0.013893	-0.0020257	-1
mouse_A351	0.28512	0.24547	3
mouse_A352	0.52566	0.062371	2
mouse_A353	0.19114	0.32501	3
mouse_A354	0.3477	0.43975	3
mouse_A355	0.60151	0.08463	2
mouse_A356	0.49635	0.068592	2
mouse_A357	0.62459	0.082594	2
mouse_A358	0.56048	0.083073	2
mouse_A359	0.43431	0.056142	2
mouse_A360	0.52971	0.074738	2
mouse_A361	0.39219	0.044482	2
mouse_A362	0.41185	0.090371	2
mouse_A363	0.5247	0.068791	2
mouse_A364	-0.024893	0.67254	1
mouse_A365	0.34887	0.34685	3
mouse_A366	0.017084	0.03895	-1
mouse_A367	0.57539	0.066789	2
mouse_A368	0.036569	0.0064526	-1
mouse_A369	0.38194	0.50484	3
mouse_A370	0.36085	0.36589	3
mouse_A371	0.25584	0.3398	3
mouse_A372	0.29119	0.371	3
mouse_A373	0.31875	0.40566	3
mouse_A374	0.24502	0.3102	3
mouse_A375	0.23016	0.23815	3
mouse_A376	0.3231	0.38863	3
mouse_A377	0.00097529	0.54035	1
mouse_A378	-0.0071953	0.80692	1
mouse_A379	0.19326	0.19347	3
mouse_A380	0.0051153	0.88965	1
mouse_A381	0.32877	0.32338	3
mouse_A382	-0.003278	0.70901	1
mouse_A383	0.0053957	0.65147	1
mouse_A384	-0.0029078	0.68088	1
